2
1
40
1
3
41
87
1
1
30
2
10169
1
1
1
38
1
1
1
27
2
1
1
1
1
1
433
1
1
5
2
1
2
1
2
1
1
3
2
1
2
61
3
775
5
1
1
50
2
217
1
1
6
2
1
1
5
1
2
1
3
6
2
31
10
1
16
2
2
1
1
1
1
1
1
1
57
259
27
282
148
27
544
1
5
1
1
1
1
2
1
1
33
3
1
1
3
1
1
44
4
1
13
3
1
2
2
1
1
1
8
2
1
127
7
2
2
4
1
6
1
31
3
28
1
1
2
5
4
1
11
36
2
2
1
4
1
4
7
107
1
1
234
1
1
1
1
74
1
147
1
1
1
14
1
9
11
19
1
7
12
4
5
81
1
3
1
3
7
13
9
1
2
1
3
5
6
1
105
1
1
2
4
38
7
1
1
8
14
2
2
2
1
1
2
4
8
72
3
1
1
2
4
1
3
1
1
19
1
1
27
156
2
4
9
1
1
1
4
3
4
28
3
2
1
6
22
2
3
2
1
4
8
3
1
1
1
10
1
3377
2
677
266
1
1
1
1
5
7
1
48
113
1
5
3
1
6
2
2
2
45
14
1
129
4
1
1
1
2
1837
1
1
3
1
16
1
1
4
1
11
1
1
25
27
1
2
6581
1
3
5110
2
22
1
23
35
2
1
1
798
1
1
1
133
27
1
91
8
2
94
1
49
18
1
639
40
150
2
462
1
1
17
3
1
17
1
1
1
8
9
1
1
321
2
455
2
1
1
1
38
1
1
1
1
1
5
1
162
1
1
1
874
1
1
1
1
203
76
3
479
1
2
16
1
10
1
1
20
2
3
1
1
2
1
6
1
1
3
340
32
59
1
9
10
10
1
1
1
93
3
1
1
1
1
3
1
1
561
1
1
1
2
1
24
1
1
1
12
1
1
1
1
1
1
14
1
1
2
37
114
2
4
1
1
52
7
10
3
1
38
2
2
1
1
23
1
36
9
31
1
346
1
111
2
3494
1
7
50
110
1
2
3
2
1013
1
1
13
1
18
1
1
1
2
1
3
5
3
2
1
3
2
1
1
1
1
1
1
1
3
1
8
1
1
4
10
1
1
1
8
4
5
1
1
71
1
36
1
1
3
1
1
723
1
1
1
1
8162
3
1
28
2
7
97
1
5
1
1
117
199
158
16
47
1
2
1
32
4
5
8
3
1
6
11
449
290
1
9
1
6
3
6
6
2
210
1
911
12
144
16
1316
3
1
2
36
1
43
180
2
1
2
1
1
1
1
46
2
9
4
12
6
20
24
12
1
6
1
1458
1
1
10
1
166
1
1
1
6
2
139
1
1
1
79
1
1
3
1
1
1
2
1
1
28
4
1
2
33
8
3
1
2
1
9
2
2
1
1
1
9
1
3
1
61
1
1
42
40
3
2
16
4
1
24
1
2
2
1
1
63
1
109
6
3
2
1
135
9
2
1
13
11972
1
2
2
60
1
2
1
1
2
1
2
3
15
22
1
3008
1
1
1
998
1
324
1
17
4
1
5
6
1
1
90
1
1
1
1
1
2
10
1
10133
1
2
2
5
14
1
1
1
2
1
4
2
1
6
2
14
1
74
1
1
1
5
18
2
1
1
1
1
1
1
2
3
6
17
1
1
1
1
750
23
2
7
150
21
1
1
5
8
3
1
265
1
15
1
3178
2
2
2615
38
186
63
3
12
4
2
4
1
9
1
1
6
1
3
47
2
255
2
5
4
5
71
1
2
1
63
5
1
1
381
267
17
4
59
1
1
2
7
832
1
7
3
8
1
28
1
5
1
2
7
1
2
34
1
1
2
37
1
1
75
1
1682
11
1
28
5
17
3
2
1
3
1
2
2
22
1
1
1
2
30
55
10
1
6
1
8
1
59
1
40
1
4
12
3
10
1
1
1
4
13
1
2
2
1
1
40
2
4
19
4
2
8
1
94
41
52
3
1
1
1
2
1
1
1
36
1
4
1
4
2
1
1
21
1
1
1
1
2
20
9
19
1
1
1
4
7
1
2
1
1
26
1
1
1
6
3
1
3
8
1
1
15
4
5
3
190
3
2
6
1
4
2
1
3
3
3
1
1
10
2
6
1
1
8
1
1
1
4
7
6
2
1
38
775
71
1
5
294
1
6
7
13
25
1
1
1
7041
1
3
1
66
131
3
12
1
4
1
18
1
11
2
8
2
2
74
7
11
4
1
1
218
3
1
18
3
27
1
10
344
7
1
2
392
32
3
1
2
38
2
10
78
3
22
6
1
1
4
8
1
206
1
7
1
1
2
3
89
1
19
5
4
2
18
11
3
1
1
1
4
1
1
1
1
7
9
10
33
40
4
3
1501
237
144
1
1
3
66
161
7
25
16
7
2
8
1
13
24
1
3
1
3
26
2
3
2
28
3
1
1
228
6
3
54
2
2
1
4
1
2
1
15
1
73
6
1
1
1
4
103
73
1
5
2
1
73
2
1
1
1
4
3
51
66
3
1
34
4710
1
2
5
5
1
252
1
1
1
1
254
1
9
1
6
2
1
9
3
5213
1
1
1
18
530
1
2
75
1
1
2
274
1
13
1
1
10
10
21
3
2
1
8
3
1
917
8
5
1
3
1
260
1
7
1
1
1
4
1
1
1
34
1
2
2
1
9
1
4
1
317
1
105
4796
3
4
3
1
5
1132
27
1
1
1
6
1
1
1
41
88
1
7
300
1
3
1
1
7
8
2
1
4
15
1
2
1165
1
18
1
67
2
46
7
1
1
1
1
8
1
25
1
19
1
1
1
339
1
3
1
2
1
1
12
1
107
1
4
63
1
3
6
2
1
2
1
520
1345
9
178
1
4
24
85
5
6
1
1
1
29
8
1
1
1
8
21
19
1
1
1
1
110
1
26
1450
1
5
15
3
1
9
4
16
1
2
4
3
1
4
1
2
3
11
24
2
4
4
1
1
1
27
53
1
1
1
1
1
6
2
1
2
1
2
1
1
36
1
4
4
1
1
64
2
1
1
15
8
1
28
215
1
2
1
2
15
153
4
1
1
1
1
1788
46
2
18
1
1
8
1355
1
102
1
51
1
1
1
4078
1
1
613
1
1
70
1
1
1
1
1
1
240
1
2
1
1
73
1
58
10
1
1
117
4
1
13
2
1
1
3
4
3
1
1
4
1
2
5
33
1
1
3
2
2
3
1
20
126
2
2
1
3
1
9
1
4
1
2
19
58
5
1
1
212
1
296
1
13
51
1
12
1
2
4
4
2
2
1
1
1
2
110
422
3
3
1
3
2
2
2014
1
1
1
290
1
44
1
2332
2
1
112
1
194
1
2
2
40
102
18
1
1
1
11
1
7
4
3
6
6
24
2
16
2093
82
15
1
27
1
1
1
1
2
41
1
1
1
1
1
3
5
1
8
1
2
1
1
284
2
1
2
1
22
30
526
37
26
12
1
5
1
1202
1
2
1594
397
2
168
1
1
3
1
6
1050
21
1
2
11
2
7
669
1
1
1
3
1
4
1
1
1
1
3
1
8
1
79
22
5
2
2
1
2
9
1
3169
1
2
1
9
1
1
118
1
1
6
21
1
275
1
418
1
33
1
1
1
1
4
3
1
6
4
2
1
1
2
1
2
1
4
399
2
2
1
2
5
2
1
3
3
1
1
7
4
1
359
1
1
1322
3
11
1
1
2
1
3
22
1
5
411
1
1
1
5
252
147
1
1
1
1
1
7
228
3
1
2
22
128
1
1
3
555
115
28
5
1
3
1
2
1
1
18
1
3
3
22
1
1
272
1
2
1
3
5
1
121
1
346
1
6
6
35
1
1
4
5
68
2
12
3
1
74
1
2
439
1
1
15
1
1
7
4
1
4
2
1
8
14
2
31
101
1
2
2
67
1
2
1
1
2
2
1
37
1
1
29
8
5
8
1
1
6
1
1
10
1
2
1
1
1
1
44
1
4
3
56
1
2
9
7
1
3
14
17
83
42
69
144
1
1
20
2
28
1
1
1
1
4262
1
1
4
1
1
25
5
19
681
1
1
1
5
1
13
6
2
4
1
3
23
1
212
1
82
2
1
2
1
1
1
87
118
839
66
1
1
2
78
41
317
1
15
3
6
1
1
1
1
1
2
2
2
127
10
1
5
83
1
135
24
3
2
1
1
7
1
9
69
3
5
2
9
1
5
1
1
14
190
22
1
6
8
1
10
2
2
1
10
1
13
2
1
1
1
9
1
8
1
1
1
1
5
1
61
1
1
1
1
1
191
9
1
3
1
4
509
2
4
1
4
1243
61
9
9
2
1
5
1
7
2
6
1
1
6
54
1
1
1
1
140
52
1
1
4
2
18
1
883
1
32
1
1
2
1378
1
1
2
56
6949
1
369
4
89
176
2
17
7
9
1
2
1167
2
30
4
24
1
26
178
1
13
20
1
6
9
1145
1
1
1
6
5
7
1
1
1
9
1
41
1
16
24
1
9
1
1
5
1
1
19
45
10
33
10
1
1
5
82
2021
1
3383
1
7
9
2
10
9
3126
1
1
1
1
76
1
1
2
3677
9
3
25
9
2
21
2
1
43
1
268
2667
5
1
1
1
150
17
1
1
36
1
395
1
2
1
1
1
60
1
13
8
1
7
1
1
1
232
178
1
38
1
8
1
1
1
2
390
1
2
79
47
1
1
1
126
1
1
1656
3
1
1
30
1
1
1
4
2
24
3
1
11
38
1
3
1
4
1
15
1
1
45
5
1
3
4
1
35
1
6
2
1
63
92
1
35
1
1
1
11
12
9
1
9
183
1
14
1
16
3
2
1
1
208
15
1
6
1
8
1
4
1
4
15
1
1
73
1
1
6
1
12
1
30
3
3
4
1
10
28
2
2
1
30
3
1
5
63
1
1
5
3
1
5
1
1
1
1
19
5
488
4
13
2
6454
6
1
76
3
1
1
1
722
1
1
2
205
1
57
1156
1
1
1
4
1
1
2
5
1
159
2
1
21
1
152
1
1
11
2788
1
3968
1
1
7
1
1
178
250
22
2
1
2
1
1
38
2
14
1
2
1
5
80
1
1
1
1
2
1102
1
3
1
1
18
1
17
4
2
1
1
2
5
5
12
17
1
5
105
5
35
1
1
1
1
38
4
1
12
1
6
1
1
6
28
5
1
523
1
1
63
1
361
1
379
1
1
330
1
88
132
2
84
1
2
2
14
199
2
6
1
889
33
1
1
58
31
3
2
13
1
2
3
1
26
1
1
174
2
2
2
7
14
1
1
2
1
32
1
2
1
130
1
1
164
2
1
1
616
2
1
1858
1
11
1
1
1
1
1
32
1
1
2
1
1
1
1
1
2
1
1
1
1
1
2
2
1
303
1598
2
1
11
1
1
75
1
5
1
1
4
1
17
27
1
11
1
2
2
3
371
15
17
1
1
2
2
18
2
7
5
17
3
1
1
1
1
1
2
2
36
1
39
5
1
111
1
3
1
5
1
1
52
1
1
1
2
2
92
206
7
1
36
2
1
543
1
198
19
3
171
2
4
239
1
1
1
10
1
24
3
5
2
249
16
1173
68
31
1
43
9
1
218
12
1
1
12
90
1
1
2
1
1
1
4
7
7
2
1
14
20
1
1
1
1
1
9
57
2
33
4
1
4
15
1
32
1
2
157
13
1
4
1
37
57
1
34
1
6
22
1
65
4
2
7
5
1
1
1
52
2
1
5
1
1
1
1
1
64
1
1
710
1
3
1
1
117
133
3
1
1
1
3
4
7
1
4
45
1
2
2
9
1
4
15
3
1
3
1
47
1
2
1
5
1
1
7
6
1
1
168
1
1
1
1
3
1
7
1
1
2
10
6
2
1
3
228
1
48
1
1
38
2
6
1
2
62
1
1
21
1
1
2
1
1
3
6
2
199
59
32
26
19
61
583
26
1
66
1
929
1
2
16
12
7
3
2
273
8
69
1
2
107
20
151
1
1
29
863
1
2
17
1
27
11
3
8
1
1558
1
2
34
1
1
8876
423
12
244
3
2
7
2
346
528
1
2
1
92
53
6
1
20
119
3
2
9
19
1
10
6
665
138
686
8
426
3
21
1
11
1
3
2
1
2
1
2
4
1
1
11
2
3
9
2
1
1
2
1
4
7
9
2
1
1
2
1
1
9
4
1
19
1
1
1
3
44
14
1
1
1
1
1
242
1
1
1
1
5
2
1
1
1
1
2
9
4
1
2
10
1
1
9
1
1
1
2
11
9
1
1
1
1
4
4
3
1
5
1
2
1
1
1
1
1
1
78
2
1
1
1
16
1
416
1
3
19
145
1
133
1
140
2184
4
12
1
1
1
61
1
1
971
1
1
1
1
9
1
3323
6
1
92
1
1
3
3
1
694
4
4
1
13
1
2
1549
1
1
1
4
9
1
36
1
7
3
1
6
3
1
19
15
1
1
1
1
1
252
1
1
2
1
592
4
1
1
1
1
1
13
3
1
23
1
1
4
265
1
121
9
1
2
1
1
1
6
1
1
59
1
5
1
2
1
1
1
9
33
1
1
4
1
2
2
1
6
2
19
1
1
1
1
1
1
3
1
1
7
1
25
1
6
1
23
3
363
2
1
1
10
5
3
1
1
3
338
7
5
1
3
1
9
555
1
6
59
24
4
1
1
1
1
1
38
11
2
15
1
1
63
34
1
1
77
42
1
8
79
2
1
1
1
10
6
197
6
2
1
1
75
2
228
451
1
3
1
1
1
1
1
11
31
2
1
1
6
1
1
1
312
6
1
40
1
108
1
14
243
12
3
774
493
15
3
1
79
1
4
2
1
1
1
1
1
19
873
15
2
2
1
26
1
1
10
4
1
1
1
1
2
10
3
120
18
1
16
8
126
1
1
1
1
6
354
2
5
1
1
2
1
2
1
3
1
1
165
1
1
1
2
1
1
1
5
1
2
2
6
1
1
17
14
13
2
1
1
1
1
20
500
1
1
1
1
2
12
1
69
76
1
1
1
18
10
3
1
1
1
2
6
1
1
1
1
30
1
2
10
19
16
8
4
1
1
1
3
1
1
1
1704
1
1
6
1
62
5
1
1
14
5
16
4
56
26
1
289
1
1
1
1
546
1
5
29
1
1
1
1
1
3
44
1
1
1
1
43
1
180
2
1
3
1
46
11
3
1
51
1
1
1
1
739
446
2
11
1
1
1
1
1
1
1
1
226
12
4
1
11
50
2
396
1
3
54
1
3
1
19
3
1
11
1
1
113
1
4
35
222
236
4
1
2
1
1
2
1
1797
1
2
1
10
1
3
1
7
30
122
350
1
1
2
40
2
1
8
1
4
1
2
1
4
3
13
1
2
1
238
1
2
1
1
1
1
2
36
1
1
2
1
14
9
1
1
32
24
1
1
3
1
16
6
18
1
15
17
2
2
43
1
80
4
1
66
2
22
15
1
1
1
2
1
2
1
6
1
1
38
1
3
1
5
1
1
129
19
1
1
7
2
1
23
1
1
2
1
21
1
413
1
1
19
1
1
1
2
1
3
2
13
1
41
1
5897
188
2
3
29
2
6
5
2
1
29
2
1067
1
1
1
1
436
1
14
9
1
14
4
3
1
1
3
3
1
1
773
1
4
2
1
37
37
1
2
6
1
99
1
1
279
1
9
4
1
29
4
1
2
156
1
6
47
2
21
72
1
2
1
1
1
293
1
2
4
1
2
2
26
7
2
5
3
16
39
2
45
2
1
575
17
46
3
26
4
1
160
1
485
42
5
13
1
1
22
1
3
3
20
1
2
26
21
2
1
1
1
899
317
33
10
1
5
21
1
1
1
64
1
1
5
865
9
1
1
611
2
3
114
1
20
1
3
7
113
1
1
1
3381
2942
5
3
1
3
2
1
1
1
1
2
4
1
3841
2
1
1
1
1
1
1
4
3
1
5
1
1
2
1
1
1
4054
5986
1
15
1
5
8
1
1
1
2
260
1
1
1
1
1
1
1
1
3
3
197
1
68
37
1
111
1
3
2
90
40
3
53
1
19
1
3
37
45
1
36
4
1
4
7
4
2
1
10424
1
59
161
1
10
12
1
7
2
2
23
2
22
2
4
1
54
3
13
4
2
5
4
1
1
7
26
20
1
4
45
2
6
1
3
3
51
2
5
1
1
2
1
1
66
1
9
1
58
688
1
1
1
497
2
1
1
2
58
1
3
4
778
16
1
4
1
5
15
1
158
1
1
2
104
1
1
1
1
2
2
1
270
1
9
27
1
8
1
6
1
1
1
14
3
1
1
4
2
1
407
1
7
134
3
9
3
11
5
1
2
68
1
23
1
7
2
1
1
2
1
1
1
5
1
1
1
941
5
2
5
1
4
1
4
1
1
1171
1
1
112
12
4
3
4
7
1
4
1
2
1
1
12
1
1
1
22
29
23
171
2
478
16
1
1
258
4
9
2
45
10
1
3
1
1
30
2
53
6
10
1
1
1
2
9
1
1
2
89
11
2
1
4
1
1
56
2
1340
1
2
2
1
17
81
10
1
455
67
1
1
1
1
1
3
1
3
2
20
1
1
7
43
1
1
1
33
1
2
3
2
39
164
22
24
1
2
8
3
1
2892
1
77
2
9
107
1
2
61
34
54
1
237
2
1
124
25
353
2
98
1
1
1
1
283
1
7
1
1
10
2
1
2
1
1
3
1
35
2
8
1
9
5
3
1
7
1
2
2
2
18
2
85
6
79
1
1
1
78
12
1
1
89
1
1
1
20
18
92
14
5
1
5
27
1
7
1
3
1
2
1
80
1
1
1
1
8
1
1
10
35
28
1
1
2
267
3
1
5
3
13
30
13
320
7
2
1
26
8
2
678
1
1
2410
1
1
1
20
2
8
5
1
9
1
7
250
4
159
72
1
1
29
103
1
7
3
1
11
4
439
1
4
105
244
98
16
235
55
113
8
3
1
1
540
1
3
121
1
3
14
1
2
1
1
2
1
5
2
1
40
3
25
1
18
1
2
11
1
1
3
1
109
129
1
8
1
5
1
93
3
1
1
1
138
1
38
7
133
3
1
12
2
4
18
4
1
1
108
2
1
1
1
2
1
5
1
35
9
2
1
1613
1
2
1
1
1
2
614
1
1
1
5
2
1
21
1
1
1
1
1
1
1
1
1
28
1
1
11
1
1
1
1
1
3
55
2
1
13
1
1
32
10
5
24
1
29
11
1
8
1
26
950
1
17
7
106
176
215
48
1
1
2
27
2
1
29
4
2
9
1
95
1
2
12
2
8
1
1
18
18
68
9
2
4
1
3178
2
6
1
1
5
1
13
193
1
62
117
3799
1
105
2011
82
68
1
5
1
1
90
7
3
1
2
1
16
4
1
1
1
33
1
49
1
1
1
4
7
104
4
1
303
16
285
7
1
2
1
66
4
4
1
36
208
1
1
3
1
1
3
2067
25
48
21
3
3
17
1
1
1
1
9
52
36
5
1
1
1
2
1
14
1488
4
17
2
1
72
2
103
1
1
7
1
1
174
299
13
665
32
1
14
1
274
6
37
9399
2
1
15
1
4
11
1374
2
1
3
48
2
1
1
1
1
3
1
1
4883
1
2
1
1
4
62
585
3
377
1
1
1
2
1
1
1
14
1
1
1
1
438
297
35
305
363
4
1
15
1
2
1
1
7
1
30
145
1
5
77
209
9
4
187
1
1
2
1
62
1
1
3
103
1
1
1
1
1
302
1
1
5
6
2
25
24
1
7
12
1
2
4
59
1
1
1
75
46
11
1
1
7
3
9
1
4550
25
1
66
2
1
234
1069
1
546
1
1
4
1
35
1
1
243
1
165
1
1
2
5
1
1
13
2
2
2
1
207
1
6
1
1
44
1
2
5
1
12
1
1
1
6
6
1
1
37
20
1
3
20
3
8
1
1
2
1
10
58
38
1
6
1
1
2
2
1
1
3
44
1
1
22
1
9
2
3
1
3
1
1
53
1
1
1
3
29
17
1
14
1
2
3
40
2
1
4
1
1
595
3
1
335
1
5
1
1
29
1
2
254
133
1
17
30
1
19
1
1
2
1
2
1
1
1
1
1
1
1
6
1
3
3
92
4
1
3
1
1
8
9
1
1
18
1
2
1
2
3
104
1
155
2
2
12
1
7
46
1
1
823
1
5
1
1
35
24
1
1
1
12
1
2
1
97
1
1
19
307
195
2
444
9
1
8
1
2
12
2
1
9
3
152
5
29
1
1
2
12
2
1
1
36
21
1
1
1
168
5
3
1
1
1
1
1
1
1
1541
1
1
1
1
1
1
16
77
11
275
1
2
421
2
1
1
40
80
1
1
2
357
1
1
1
5
2
1
4
10
1
861
21
4
1
1
1
23
1
1
1
1
1
1
26
3
8
28
1
1
12
56
25
1
14
2
1
1
1
967
3329
1
1
3
1
2
24
1
3
3
1
6
225
1
3
1
182
1
1
9
2
1
71
23
6
62
4
161
3
26
2
22
335
2
3
1
1
24
201
1
8
22
8
1
119
1
1
1
1
28
1
6
5
1
300
1
7
350
8
1
12
16
13
1
2
6
18
1
1
1
2
1
1
2
1
1
1
103
1
8
4
14
4
4555
1
1
10
9
1
1
1
449
1
35
2
5
66
4
1
1
10
2
1
412
7
4
1
7
1
1880
2
1
5
1
2
1
15
1
2
2
1
105
10
1585
2
5810
4400
10
3
1
1
19
5
5
1
1
51
13
1
10
11
5
3
2
1
9
2
5
3
272
1
1
5
7
1
8
136
2
4
14
1
2
2
473
14
1
2
1
2
638
1
228
1
6
66
4
1
1
31
29
2
3
1
1
5
3
2
2
1
1
8
10
12
1
1
1
1
1
490
27
1
1
81
13
1
1150
3
4
1
1
4
5
30
1
3
3
1
1
259
1
54
1
1
1
2
1
1
7
112
1
10
539
8
2
3
1
50
1
1
1
1
1
1
1
1
1
1
22
1
1
1
1
1
127
1
5
1
1
47
1
1
3
2065
1
2
1
1
1
11
1
1
1
2
2
7
35
1
1
1
1
2
4
1
1
22
19
1
57
1
1
15
1
10
2
8278
35
872
78
696
1
13
1
1
13564
1
15
29
1
8
45
1
1
1
1
108
13
1
1
26
1360
1
1
1
1
194
1
107
1
1
1
1
3
5
1
2
2
1
20
3
1
1
1
9
2
1
1
1
320
1
3
70
1
2
246
2
1
11
63
2
8
3
2
15
170
405
27
1
196
3
1
3
1
1
12
1
1
1
1
2
3
1
14
1
159
2
1
19
1
1
1
12
3
1
167
1
1310
1
1
1
1
4
82
8
1
4
1069
1
1
1
1
1
2
2
1
3
45
6
1
1
1
1
1
1
1
5
1
1
8
1
21
2
2
1
5
1
5
1
1
2
1
1
1
3
1
1
1
2
47
1
2
1
1
2
1
1
5
3
201
1
1
2
6
1
1
1
70
4
6
1
5
1
90
2
16
1
1
4
2
197
1
95
1
1
42
1
26
39
1
34
6
1
9
3
10
1
9
18
1
1
1
142
1
7
29
302
3
10
1
50
9
1
17
53
2
12
1
2
4
981
3
25
2
9
4
1
1
2
2
1
9
1
2
1
1
58
1
1
1
1
1
10
1
1
7
8
2
1
1
5
2
1
42
2
8
1
2069
2
1559
1
1
1
1
356
14
11
1
1
1
1
1
1
3
1
10
36
1
1
3
5
167
5
1
1
1
6
2
31
21
160
2
65
4
89
1
2
1
2
2
1
19
5
38
49
26
1
2
70
60
1
1
202
1
1
1
1
105
1
53
1
1
1
1
1
4
1
1
13
1
1
10
1
1
2115
5
9
321
1
2
4
1
2
1
4
478
1109
1
18
5
77
56
5
2
2
73
3
1
8
4
4
1
1
1
6
11
2
1
1
1
1
1
50
2
1
63
4
2
1
5
3
13
3
1
1
1
103
3
1
35
1
3
6
1
5
1
34
50
5
7
1
1
6
1
6475
2
305
1
55
1
1
13
1
1
1
51
1
458
28
308
968
9
1
1
1
4
1
1
6
1
1
1
1
1
7
1
56
429
2
2
3
2
7
27
1
1
1302
1
1
339
1
1699
3
6
12
1
69
2
1
4
1
3993
1
1
149
4
2
2
2
1
1
1
30
2
704
1
1
1
16
1
174
1
1
1
2
2
564
1
733
2
1
1
23
1
4
306
1
4
1
38
3
4
3
1
6
3
1
2
1
3
1
119
1
1
17
136
1
1148
25
6
1
1264
1
6
107
6
2
9
2
8
19
1
1
42
1
2
5
1
10
339
4
2
14
8
274
1
1
9
16
6
86
23
1
1
3
6
1
588
4
1
1
1
1
7
10
19
2
2
250
1
91
139
3
2
1
5
320
12
1
65
12
1184
8
3
1
2
1
1
1
1
1
1
6256
1
1
2
37
6
1
16
1
1
49
1106
7
1142
64
4
6
32
23
1
147
1
371
1
1
1
22
36
1
3
1
1695
1
1
12
1
3
1
91
2
1
43
1
1
1
1
9
4
5
1
5096
1579
1
4
1
1
1
2
24
1
4
4
1
26
1
1
2
23
1
621
1
43
1
48
4750
28
1
1
6
1
21
680
1
1
1
1431
1
14
11355
1
2
15
49
10
2
7
1
10
3
4
1
1
2
1
2
431
1
19
1
1
12
1
1
1
20
3
2
13
1
1
9
1
1
1
1
6
3
2
1
14
5
55
1
4
4
1
1
656
2
2
14
1
2
39
1
1
57
8
1
1
1
4
1
41
1
1
2
4
4
1
1
2
13
1
4
2
12
11
1
1
1
4
2
1
1
1
21
5
1
1
1
1
11
5
2
4
1
1
24
2
1
7
1
411
129
2
3
1
1
1
1
1
1
1
1
1
493
124
59
1
3
1
1
3
45
99
1
1
1
4286
17
71
2
1
1
1634
1
10
1
4
3
1
722
1
1
1
1
1
1
1
1
1
1
1
1
1
6
1
1
501
1
81
13
1021
1
1
136
1
10
1
1
1
2
944
18
22
10
25
1
321
1
2
1
7
4
15
118
3
192
72
209
219
22
9
5
2
3237
7
7
1
1
10
1682
4
543
1
2
1
1
1
44
2
1
1
6
1
425
1
123
3
26
1065
1
1
2
6513
22
19
2
19
2
1
3
3
516
1
1
567
6
11
1
1
4370
1282
271
22
4
1
1
1
1
1
1
429
24
24
1
1
1
1
1
1
1
16
1
3
16
1
4
12
32
1
2
228
2
111
7
239
2
1
1
2
31
1
13
1
1
1
1
2
46
3
1
625
2
26
53
16
1
1
1
7
1
160
5
13
1
1
1
2
43
1
277
11
2
48
31
1
31
1
1
1
1
5
1
13
8
2
169
5
46
456
1
1
10
6
13
17
2
3
1
2
1
64
1
3
1
5
1
1
1
64
40
1
1
2
51
1
373
43
34
2
2
59
1
1
1
608
1
1
12
2
2
242
37
1
81
21
1
4
4
4
1
1
1
18
13
1
17
1
5
1
21
166
11
1
5456
1
1
1
1
2
26
2
3
55
3
1
1
1
597
1
3
1
1700
1
19
4
4
1
22
4
1
1
2
63
12
5
1
3
25
2
1
1
1
1
71
194
768
5
1
3
4
1
57
59
4
628
177
2
3
1
6
1
1
1
34
4
56
1
2
248
6
1
33
2
2
4
1
1226
109
3
1
28
6
1
791
1
5
3
7
1
1
1
11
1
2
1
15
4
1
1
1
1
31
1
86
4
1
7
631
1
69
33
1
12
2
1
1
1
1
148
1
2
4
40
1
1
1
46
1
1
47
178
1
79
84
1
1
11
1
3
3
10
1
1
25
83
1
26
1
1
1
1
9
24
5
2
68
53
44
1
1
2137
1
21
1
1
1
366
1
414
3
1
4
14
1
2
1
1
1
407
2
4
4
12
1
1
1113
1
330
2
15
1
7
8
1
14
72
147
1
1
18
1591
10
145
338
1
1
147
6
4
1
2
1
63
121
1
1
1
1
9
1
7
3
14
1
7
1
1
1
53
8
1
2
1
230
5
1
1
1
4
26
2
9
1
4
164
28
1
2371
1
2
25
43
2
1
67
1
45
1574
4
6
2
3
1
12
1
67
20
44
1
1
1
14
105
4
1
1
8
2
1
11
1
8
1
2
2
9
37
1
1137
3
3
189
1
1
15
60
1
1
2
7
140
1
1
1
2
23
12
5
4
5
1
143
1
1
332
2
1
1
1
2
39
2454
1
1
1
1
1
1
1
1
8
3
13
1
7
2
20
8
3
1
1
1900
1
2
9
2
3
1
1
1
1
22
1
1
150
1
15
1
1
8
1
1
22
1
4
121
1
1
1
5
1
1
1
5
8
22
1
40
2
1
1
3
29
1
1
1
1
1
21
42
1
9
1
69
4
1
13
104
17
13
1
1
1
1
1
37
119
9
1
1
11
19
3
1
1
1
35
2
1
2
100
1
1
1
12
2
1
1
1
2
56
1
1
38
2
1
2
9490
36
39
1
71
1
48
1
26
1
3
14
1
2
553
10
4
1
130
5
1
647
1
1
21
119
66
1
263
1
404
544
290
5
1
3
1
2
12
3
2
1
13
8
7
1
5
53
3
1
2
1
1654
1
1
1
26
2
1403
1864
3
1
1
8
3
2
26
15
2
2
19
1
1
548
2
14
13
3
17
1
1
1
20
142
1
1
480
4
2
454
2
10
1091
2
49
2
17
112
39
21
1
8
1
3
8
1
1
37
402
6
7
1
106
1
38
301
1
1
1
48
85
1
5
25
1
1
3
15
6
4
16
4
1
14
21
18
4
6
1
8
849
3
1
3
3
1
272
1
1
1
4
1
1
1
277
1
1
22
1
9
1
1
1
139
1
3
2
1
25
2
2
2
26
1
1
1
1
1
30
18
3
1
160
112
1
1
1
1
21
2
1
2
39
19
4
1
2
17
4
1
1
1
24
1
5
5
21
1
84
7
1
5
1
4
1
1064
1
921
6
4
1
1
2
2
1
1
1
6
1
1
1
13
147
1
4
11
2
1
11
1
81
3503
1
1
4
6
45
3
6
198
17
73
2
1
7
5
110
1
100
1
1
1
1629
2
8
3
1
28
1
1
2
8
355
1
7
1
2
1
2165
5364
1
103
2
2
519
1
1
1
63
1
1
428
1
2
4
18
1
20
31
30
1
13
7
8
615
1
1
8
7
109
119
254
158
29
1
1473
1
52
75
10
2400
1
26
2
12
1
1
1
96
1
1
1
21
2
4
1
5
2
1
6
5
1
2
2
1
58
1
16
25
1
1
1
7
20
1
568
2
2
4
1
6
1
1
2
5
5
1
293
1
9
7
1
1
1
4
59
38
2
19
110
1
2
1
65
109
1
2
266
3
2
2
165
1
56
1
3
2
1
50
2
9
5
1
1
2
1
22
1
1
825
1
1
1
170
2
3
1
1
1
435
127
2
1
2
4
1
1
1
1
1
44
9
6
1
18
3
1
5
23
1
46
1
1
1
1886
2503
1
3
1
151
1935
4
1
3
1
1
1
18
339
1
61
3
1
388
4
5
1
2
1
1
18
5
3
4
1
2
1
7
1
1
2
2
1
1
2
1
1
45
4
1
1
1
1
11056
5
54
15
228
1
38
1
7
2
1
435
1
2
1
3
1
7
263
7
2
1
3
30
6
4
6
2
1
1
16
5
14
12
15
1
1
260
6
387
61
2310
1
1
2
3
6
1
1
2
1
1
9
1
1
3
41
2
1
5
1
5
1
9
2251
3
3
1
1
1
2
3
2
13
5
1
1
474
5
1
37
4
6
3
10
2
1
7
1
105
1
12
1
21
1
98
1
775
1
2
1
1
925
2
80
2
1
1
2
2
26
3
1
1
1
389
1
112
1
3
119
1
1
5
2
3
82
2
7
2
8
1
2
219
2
1159
163
2
40
2
19
1
1
3
1
5
5
1
16
8
6
1
2
1
13
1
1
7
3
1
4
1
1
1
1
1
11
1
7
11
1
8
1
1
1
27
2368
3
4
5
205
2
2
1
1
23
16
1
1
1
961
109
1
42
2906
44
1
593
4
1
416
131
167
1
2
2
39
1
1
1
1
4
18
1
1
1
1
1
1
27
1
4
23
1
9
1
2
1
1
6
36
2
1539
1
1
1
6
3
47
1
1
2
1
21
2
6
5
12
5
2
1
8
1
1
1291
2
45
1
8
1
1
53
6
2
21
1
43
4
149
6312
1
315
1
5
58
2
1
1
1
1
1
3
2138
1
38
15
1
2
34
275
1182
1
6
76
2
23
10
2
176
2
615
1
1
4260
34
3
10
1
1
975
1
1
4
1
1
7
1
41
86
1
1
1
1
1
9
2
1
5
512
2
1
1
12
5
1
60
28
14
21
281
20
1
16
113
5
1
20
85
2
23
1
9
1
1
16
21
1
7
1
1
1
29
1
1
590
1
1
1
5355
2
164
1
31
8
7
2
1
2
17
62
478
2
1024
1
1705
1
12
1
1
1
353
4
1
1
3
1
1
847
1
348
1
4
947
2
1
2
1
137
1
1
1
2
1
1
1
1
2
1
1580
1
5
103
2
777
20
12
2
233
16
5
192
16
1
80
1
1
135
1
1
1
1
3
1
5
2
2
2
1
169
1
5
1
1
3
1
577
46
1
3
1
1
1
1
485
371
1
1
2362
1
1
1
2
1
363
1
1
4
7
1
1
1
120
24
1
1
3
2
463
3
2
1
7
1214
876
233
1
1
1
1
8
1
1
3
7
451
1
2
1
1
1
1
16
52
1
2
1
1
6
1
1230
4
46
5
2
1
1
22
3
3
19
10
173
1
16
23
75
2
4
4084
4745
164
3
27
51
2
6
1
15
194
11
19
1
1
7
9010
25
1
10
1
1
1
1
1
1
7
55
1
1
42
1
1
1
1
1
1
1
75
11
304
1
1
1
3184
1
1
2
765
225
1
9
1
352
1
1
1
215
4
35
1994
2
3
7
471
1
1
200
11
1
255
314
74
10
2
182
3
1
9
199
4
80
28
1
101
2
5
1
4
1
1
9
1
84
1
2
1
2
4
37
2
1
150
8
1
11
2
6
1
629
12
1
14
2
1
3
1
113
1
1
1
1
258
1
1
2
310
161
1
3
3710
3
4
2
1
1
1
3
1
6
1
10
13
1
18
83
1
12
3
94
2
1
1
22
174
4
12
1
119
2
1
64
95
1
2
3926
1
3
1
3
2
42
1
3
1
11
8
1
19
3
60
1
2
40
1
2
1
13
4
19
1
2
12
1
5
1
1
3
1
5
19
4
147
1
1
6
3
1
5
16
32
1
4
106
1
1
3
2
9
1
1
19
2
829
1
1
1
1
11
5613
55
1
2
158
21
110
5
1
6
2
1
1
6
1
625
2
1
281
43
1
2
4
1
1
1
17
3
1
3
5
27
2
3
1
2
2
1
1
7
1
256
1
1
1
2
1
1
5
1
1
1
1
1
1
1
1
1
2
38
1
135
1
1
6
1
1
4
1
1
154
2
1
1
2
1
1
96
9
1
1
952
1
1
2
2
1
1
1
2
1
9
2
6
881
50
1
3
1
54
7
1
3
3
1
1
2
97
25
33
3
3
403
1
1
4
29
41
10
1193
1
2
1
1
1
371
1
18
1
1
4
5
5
47
1
1
3
1
1
1
1
2
3
1
2
7
4
1
1
1
1
3
2
15
2
1
1
1
1
173
2
1
2
1
1
4
3
2
400
5
1
5
9
246
1
2
1
1
139
266
11
2
36
3
1
1
4
10
6013
9
18
3
1
12
1
1
1
1
1
40
1
1
5
10
19
3
1
1
1
1
2
1
9
1
1
1
158
2
1
1
1
69
6
1
1
4
1
1
1
5
1
442
6
17
1
1
1
1
20
2
259
1
1
1
1
1
19
1
1
785
1
81
3
2
1
1
1
1
12
1
1
1
1
3
1
1
59
11
1
1
2
1
1
1
1
36
1
1
1
1
1
1
1
1
1
1
34
1
13
468
231
432
1
1
2
1
1
3
1
1
1
1
1
39
11
32
1
1
3865
238
23
3
7
149
8
1
1
8
1
53
1
89
55
154
889
1999
11
158
167
1613
20348
1
66
1
215
164
1
58
1
2
6
1
8
8
91
3
1
1
1
8
1
1
5
1
1
1
1
1
2541
3
2
3633
112
2
15
1
26
41
1
1
1
1
874
2
2
1
10
73
1
2
47
2
68
10
1
7
1
9
2311
17
102
4
1
419
1
18
3
10
1
2
3
1
5
3
1287
1
9
3
1
6
8
2
17
181
14
21
1
781
3388
8
2
18
48
1
1
1
87
10
2243
1
1
1
1
1
1
1320
1
2
8
16
1831
35
8
11
5
4
7564
13
194
1
1
3
1
1
1
10
10
1
1
273
4
1
1
4
18
49
1
98
1
7
1
2
17
2
14
3
1
1
1
1
2
5
1
15
1
2
4
1
41
7
36
2
1
8
3
137
3
1
12
1
1
168
68
2
6
13
5
4
3
9
3
2
33
1
14
16
67
819
2
5
3
2
1
7
298
1
1
3
1
3
1
1
1
1756
1
44
1
2
16
15
70
1
69
1
1
1
1
128
1
3
1
1
1
1
1
1
5
1
1
25
264
8
16
1
2
2
1
1
104
1
2
1
2
1
91
1
1
1
1
1
1
10
1052
2
4
1
1
65
1
213
2
2
3
3
1
3
5
1
426
3
1
1
12
3
8
1
954
1
1
19
24
69
2
3
1
3
7
5
1
19
1
10
1
1
6
743
28
1
1
2
5
1
1
3
1
2
3
1
25
5
1
1
10
2
1
1
75
20
1
5
10
428
1
2
1
9
39
16
1
12
1
2
39
6
2
1
15
914
10
1
2
1
19
63
1
1
8
1
1
1
1
1
1
3
218
1
10
11
63
54
1
4
1
17
3
2
1
1
2
1
25
6
1
99
13
1
1
9
2
1
1
30
11
1
1
177
1
7
1
12
25
1
18
1
89
1
13
1
4
136
1
1
2
120
5
1
5
7
1
8
1
1
2
1
2
44
1
1
3
2
1
2
11
9
9
1
335
1
2
23
135
1
35
1
1
2
37
3
4
13
4
3
1
5
1
12
2
1
1
2
22
3
1
16
3
490
1
30
1
1
3
4
1
14
2
100
1
2
1
4
1
1
304
1217
164
14
1
1
11
1
1
1
1
2
3
2
2
9
1
1
3
14
1
1
1
1
1
1
2
1
1
26
2
1
2
1
1
1
6
1
2
519
3
1
15
2
1
1
1
1
6
3
2
2
10
184
1
1
2
1
1
4
11
48
1
1
1
1
1
1
1
550
1
417
1
1
10
1
6
1
1
19
1
1
2
1
3
13
1
1
3
5
26
15
6
1
1
17
1
16
1
1
1
1
1
1
1
31
4
6
9
24
113
1
145
8
7
2
138
1
10
12
1
1
1
4
26
9
186
1
1
1
6
3
1
16
10
1
4
1
1
2
13
1
3
5
1
3
1
9
3
1
1
20
3
1
2
1
1
1
1
4
249
1
1
1
2
443
1
203
19
208
7
77
1
2
2
17
1
4
1
2
4
2
3
2
33
1
2
1
18
16
1
14
2
6
1
1
1
1
1
6
1
1
1
2
5
1
1
1
1
1
1
1
24
6
182
3
1
3
1
1
1
202
3
1
2
76
1
2
4
11
3
8
1
6
1
7
219
1
27
1
2
1
1
2
3
13
6
1
2
44
1
33
1
18
1
11
4
1
6
1
3
8
93
53
1
2
2
11
6
46
39
53
2
1
3
1
1
1
1
1
1
13
1
31
3
1266
1
27
1
13
8
22
13
1
14
3
1
1
2
1
123
7
2
1
6
1
1
1
1
1
2
49
2
1
1
1
1
1
68
1
1
275
1
4
2
2
2
1
21
2
4
1
1
1
1
1
1
1156
56
2
432
2
1
3
1
1
2
2
13
4
1
1
1
55
4
1
1
1
106
2
10
2
1
3
1
18
1
5
1
6
17
59
16
2
1
6
1
32
1
2
1
1
1696
77
1
1
12
3
1
1
1
1
1
2
2
1
9
1
1
6
1
1
10
1
1
3
8
1
51
1
1
7
1
2
1
7
2
23
1
1
1
2
17
3
1
1
152
7
15
7
1
1
1
1
34
100
1
891
142
4
1
1
18
1
10
1
1
1
1
1
1
1
1
1
42
2
3
2
6
2
1
106
1
2
1
3
2
2
1
3
807
16
1
168
1
1
2
1
1
19
2
126
1
2
1
1
1
1
971
94
2
4
1
51
1
8
1
1
2
1
1
1
5
1
79
51
106
1
6
25
1
1
7
1
5
1
1
8
1
8
1
1
6
2
1
1
1
1
25
1
2
1
2
1
1
204
137
71
80
16
1
38
5
52
1
33
4
1
1
1
6
1
18
2
1
1
1
1
13
6
11
9
1
20
2
6
1
1
98
1
1
2
1
1
4
1
1
5
1
1
1
1
5
4
6
1
1
1
1
75
7
10
238
4
2
8
3
52
1
1
1
59
92
1
1
5
1
2
33
5
9
61
8
10
1
17
1
5
82
11
1
1
54
11
1
5
1
29
1
1
112
1
11
1
14
1
3
40
1
1
1
9
5
1
23
3
1
6
1
1
1
1
1
120
7
1
2
1
70
1
51
1
1
1
1
1
12
1
2
15
27
1
2
1
1
36
1
1
2
6
1
5
15
1
1
4
1
1
2
2
1
171
1
22
18
1
1
15
1
2
1
17
3
1
1
3
311
91
85
82
6
111
10
12
1
1
2
2
1
180
147
1
11
1
4
3
1
10
1
57
1
4
1
29
1
1
2
386
1
1
1
12
84
1
5
1
1
13
1
45
1
2
18
5
972
6
1
2
198
1
25
1
1474
2
1
1
1
3
1
5
128
1
4
1
1
100
14
10
16
1
1
14
1
4
176
1
1
2
1
1
22
2
1
2
1
1
1
10
158
608
1
730
1
23
1
967
3
1
1
7
4
48
38
8
1
1
2
1
222
6
1
6
1
1
1
2
1
1
205
38
1
1
1
70
223
1
2
1
1
106
74
57
1
3
1672
11
2
10
1
95
1
10
1
1
75
4
2
1
21
1
1
4
193
1
23
4
5
54
1
1
1
24
3
1
3
1
1
3
5
7
742
1
1
2
11
5
1
1
1
4
1
6
11
35
7
1
3
2
1
4
607
1
8
130
205
34
136
2
1
1
1
1
4
1
1
1
1
14
53
14
1
2
1
1
14
18
12
1
1
2
2
1
2
1
22
488
1
3
13
3
7
1
1
1
73
1
54
1
1
1
5
3
2
2
1
1
1
1
1
97
1
1
21
5
84
1
1
16
3
1
15
2
1
1
1
33
30
1
1
1
1
9
2
1
8
27
730
6
1
25
47
1
1
13
2
2
692
176
5
392
1
100
36
10
8
11
6
20
162
1
7
4
3
1
92
3
7
1
25
425
2
1
5
1
3
3
2
27
11
4
3
69
1
3
10
1
2
2184
1
3
4
1
188
1
2
1
9
1
1
4
13
73
2
1
72
66
1
2
434
1
3
14
1
5
1
1
2
2
1
74
1
20
5
1
3
7
253
12
1
1
10
2
1
1
55
3573
2
1
1
8
228
4
2
16
5
4
4
3
2
1
6
1
1
22
5
43
2
1
91
1
3
3
1
1
2
125
6
2
62
1
31
1
117
15
29
2
7
3
2
1
248
2
5
7
1
1
4
3
2
10
15
64
2
1
7
24
1
3
1
4
1
2
1
1
3
1
1
22
1
10
5
4
1
1
1
2
1
10
1
20
1
41
1757
1
2
14
2
1
86
1
104
1
2
2
2
37
1
119
1
1
1
1
1
1
28
21
23
3
1
2
1
2
1
19
2
1
1
1
26
15
208
291
1
1
10
1
1
1
74
1
1
7
1
1
3
1
1
3
2
124
1
156
5
1
59
1
4
164
673
9
10
1
41
1
1
3
1
2
1
5
2
7
1
5
3
7
9
12
1015
44
2
1
1
4
3
1
1
1
702
3
1
1
1
3
3
1
2
46
42
3
2122
5
1
60
26
1
1
3
138
1
1
164
2
4
23
1
1
30
19
1
6
60
2
7
1
1
2
81
4
9
1
2
3
1
1
1
2
1
1302
424
1
2
59
1
83
1
64
2
1
6
133
5
15
4
1
1
1
780
1
1
1
1
25
1
1
1
1
1
1
1
3
16
3
1
3
5
4
65
2
14
6
1
2
18
1
91
1688
1
2
12
1
2
1
9
1
1
1
7
1
1
46
206
87
13
73
4
13
165
1
11
1
4
4
5
1
3
2
5
1
1
164
2
2
35
6
3
74
38
1
40
353
38
28
2
2
1
40
366
167
2
4
1
4
2
4
2
3
1
790
10
1
20
2
1
1
1
2
20
1
5
152
1
1
1
13
4
9
1
3
1
8
2
1
1
1
1
1
13
6
11
1
1
17
333
1
1
1
1
2387
2
27
11
6
1
3
3237
889
4
4
2
4
1
4
7
1
21
3
1
1
1
3
1
1405
1
2
1
1
2
14
6
1
106
14
2
10
28
9
1
1
1
7
7
13
1
2
84
1
1
5
686
16
1
1
1
3
30
16
1
1
65
57
1
8
2609
1
1
1
60
2
1
1
17
1
1
15
1
5
154
1
2
8
1
22
1
5
2
132
7
15
1
4
1
1
11
35
11
1
1
8
6
2
4
8
1
1
1359
11
1
5
184
6
2
378
1
24
14
1
23
59
1
80
1
2
11
20
1
23
14
1
24
183
15
77
4
2
1210
2
24
1
1
234
1
1
4
31
1
9
40
2
1
40
5
12
9
255
2
1
1
2
64
5
2
1
2
294
1
1
26
149
2
1
1
6
2
1
1
2
65
3
1
1
1
1
214
14
211
1
1
1
3
1
5
2
50
1
1
2
1
1
2
1
2
2
4
1
1
3
74
1
30
1
1
3
1
84
11
1
13
11
1
3
1
1
36
1
11
5
6
1
1
1
88
44
15
1
1
9
2
18
1
17
28
1
8
432
2
6
1
6
461
2
1
5
1
2
1
7
3
23
3
225
180
19
1
73
1
1
3
1
7
2
38
1
3
7
128
2
1
2
30
1
2
2
5
1
1
12
87
2
1
1
11
8
21
7
11
1
82
6
4
10
1
1
37
1
15
2
1
11
1
3
4
1
27
126
10
1
1
3
1
33
1
1
28
31
1
1
417
3
828
1
6
2
211
3
48
193
2
2
25
1
218
4
1
1
1
1
3
17
1433
7
1
2
14
2
1
1
1
104
10
1
1
68
1
82
19
1
2
22
27
1
39
1
1
1
34
1
2
1
1
30
1
1
8
177
2
1
1
2
20
1
24
64
2
4
43
1
11
1
6
3
9
2
10
374
3
27
16
1
1
14
17
86
1
2
5
7
3
2
140
2
10
25
1
8
6
2
2
1
2
142
3
2
15
1
25
2
218
5
66
34
3
3
1
7
3
10
14
4
34
1
2
1
1
22
44
1
1
2
1
50
1
1
1
3
1
597
14
1
11
8
26
1
4
48
1
28
1
1
6
4
11
2
1
5
2
70
60
5
2
92
1
62
9
64
16
1
1
2
1
2
1
1
2
253
1
36
2
2
25
28
37
103
1
1
1
1
9
67
1
1
7
7
16
918
1
1
25
57
1
1
1
1
1
4
28
1
1
1
9
71
2
1
19
1
1
2
7
20
1
1
12
1
2
129
29
9
1
8
11
4
1
2
1
1
1
102
5
3
97
1
1755
12
1
269
2
1
31
1
18
4
1
1
90
78
106
13
2
213
4
133
1
3
2
72
2
3
76
1
12
1
576
2
11
1
1
1
1
1
19
7
3
40
13
1
2
4
15
3
1
20
1
1
3
1
9
1
1729
8
19
2
1
1
3
32
46
123
10
211
1
24
295
20
86
1
1
1
3
67
26
5
60
1
7
3
3
29
1
21
1
1
2
1
1
2
2
6
3
18
1
5
1
3
6
1
1
6
322
1
2
8
20
135
6
2
6
7
1
2
372
12
12
1
6
8
12
1
34
37
1
29
1
1
3
5
43
47
8
1
1
3
1
12
2
1
190
4
1
1
3
1
1
2
1
2
20
2
2
3
1
2
13
27
1
4
4
10
2
2
2
1
19
4
2
8
1
1
1
43
2
4
1
30
2
8
5
2
25
1
4
1
1
2
1
8
4
2
1
1
7
1
2
3
2
8
1
1
3
2
5
1
1
5
1
1
1
73
2
1
1
1
2
2
1
1
3
1
132
1
1
1
1
2
1
7
11
2
1
3
1
3
17
2
268
1
1
1
70
2
8
7
2
2
2
1
1
26
3
6
7
2
53
18
1
2
12
2
2
1
2
1
5
2
1
1
12
65
1
2
4
1
28
3
1
1
8
8
1
24
2
35
177
1
1
2
2
4
1
1
21
1
34
4
1
1
1
1
13
1
1
10
2
3
20
27
1
1
1
5
1
13
1
1
4
15
19
1
2
15
10
4
68
1
3
2
8
2
4
2
11
1
5
1
1
3
9
209
3
7
1
2
4
1
2
1
1
2
1
1
3
2
1
1
1
1
84
1
5
1
2
49
3
1
2
1
3
1
1
75
13
3
32
1
2
1
2
1
1
1
2
3
6
1012
418
1
1
12
16
9
1
1
2
3
3
1
1
22
1
3
9
1
3
14
2
1
1
1
1
1
1
32
1
1
2
7
1
2
1
1
1
6
3
2
24
2
8
1
17
1
1
1
1
1
7
4
2
1
3
1
1
3
4
3
1
63
1
1
6
1
1
1
1
29
5
1
1
1
1
2
18
8
5
1
1
53
1
1
40
1
8
1
37
1
1
1
1
1
56
1
3
3
35
1
32
3
3
17
34
2
25
1
2
1
1
2
60
9
1
10
3
45
2
7
2
1
1595
3
1
10
1
3
206
41
1
5
32
1
70
2
5
1
4
14
225
8
6
2
1
1
4488
313
238
26
2
6
11
1
4
1
12
3
1
1
1
1
7
70
15
2
506
1
77
4
2
3
2
7
3
13
6
14
10
1
1
2
1
1
1
1
1
1
1
1
1
2
1
629
3
4
1
1
5
1
3
22
15
2
29
3
1
1
3
1
5
3
43
1
1
1
1
1175
2
1
1
1
4
1
1
1
1
1
1
1
1
221
1
1
1
1
1
1
1
1
1
1
1
1
1
2
1
1
171
1
1
2
1
3
1
18
1
1
1
13
1
1
1
1
1
2
1
1
18
3
1
1
1
1
1
1
38
1
5
1
1
1
413
1
1
2
1
1
2
6322
1
2
1
1
1
1
9
1
1
1
1
1
1
238
2
1
1
1
1
1
1
2
1
2
1
1
1
201
1
2
1
1
1
2
1
1
1
1
71
1
1
1
2
1
1
5
20
1
1
1
1
1
2
1
2
28
139
1
79
4
192
1
1
2
1
1
6
1
1
1
1
2
1
482
1
1
1
1
6
1
1
1
1
1
1
1
1
1
30
1
1
7
10
1
1
1
1
1
1
1
43
1
1
1
32
2
1
1
1
1
1
1
1
381
1
1
2
1
1
1
1
1
1
1
1
316
1
1
1
1
1
1
1
1
1
1
1
1
1
1
1
1
1
2
1
1
1
1
1
769
1
1
2
1
1
28
1
1
3
1
27
1
1
3
1
1
1
1
4
1
1
1
1
1
1
1
2
2
6
1
1
1
66
1
1
1
2
1
1
1299
2
1
21
1
7
1
1
1
1
1
1
36
1
2
1
1
1
1
10
10
2
4
2
10
1
1
1
1
1
46
1
1
1
1
10
164
1
1
3
1
1
1
346
11
1
1
1
8
1
1
1
1
2
17
2
1
1
43
4
1
14
10
26
64
3
46
2
1
2
11
2
1
1
1347
1
3
8
3
1
1
12
48
2
9
2
10
7
32
17
130
3
6
21
502
2
1
4
8
4
2
2
1
792
1
1
2
74
2
1
1
23
5
20
2
1
41
1018
2
394
10
4
1
1
1
3
5
1
2
2
1457
3
47
1
12
34
4
1
43
12
1
12
2
7
10
1
14
1223
1
22
6
4
1
1
37
1
4
1
11
32
55
3
52
9
1
1
7
2
1
1
4
1
36
15
42
1
3
19
28
8
1
112
1
1
2
1
27
10
1
1
1
13
1
4
21
3
7
4
2
1
1
1
21
1
5
4
15
1
32
4
2
91
15
4
5
1
1
163
1
15
2
2
2
20
25
86
6
2
1
1
5
62
1
2
185
1
13
1
1
1
1
332
1
8
14
2
3
4
1
1
20
76
1
1
2
1
4
1
3
1
4
5
16
1
1
1
56
11
1
13
3
2
2
1
15
147
1
23
1
3
23
15
1
11
30
1
3
9
2
2
1
8
2
1
4
1
3
1
64
13
2
1
1
1
67
1
34
66
1
7
15
1
1
1
1
26
1
2
2
6
1
2
7
12
20
1
1
8
21
1
1
1
19
2
1
1
55
21
4
304
1
1
118
8
1
81
4
3
175
1
2
3
1
26
1
1
11
48
83
1
7
1
44
1
257
1
30
1
5
1
1
22
1
1
11
2
3
22
39
45
9
355
1
1
5
4
1
1
7
2
1
1
12
5
14
1
100
35
6
2
1261
4
7
1
1
1
1
1
1
1
1
1
3
17
11
1
1
8
2
18
1
1
2
1
1
1
1
1
1
1
13
3
1
5
1
14
2
20
1
8
2
4
1
1
1
1
1
1
1
1
1
1
1
1
1
1
1
1
1
1
1
1
1
1
1
1
1
1
1
1
1
1
1
1
2
1
1
1
1
1
1
1
1
243
5
174
1
2
1
16
1
2
3
1
43
1
1
1
191
1
5
1
7
1
23
1
1
1
1
1
409
1
40
1
1
3
1
5
1
2
4
1
3
1
1
3
4
84
1
16
9
2
1
1
1
1
2
1
53
1
10
1
1
12
4
2
1
1
16
4
1
2
41
1
4
1
17
11
10
21
8
5
1
9
3
2
3
1
1
3
1
4
1
2
1
1
1
1
2
8
2
22
10
2
28
1420
6
5
1
159
2
61
47
17
8
50
3
1
12
9
33
1
11
155
1
1
1
539
5
34
12
1557
20
1
2005
1
1
47
509
2
63
1
5
4
1
22
1
1
196
1
1
1
1
1
1
6
1
1
1
1
2
1
1
12
6
1
7
1
194
13
2
16
1
1
1
1
1
6
1
1
132
1
4
1
1
3
160
23
1
105
1
1
2
1
124
3
3
13
3
3
4
1
1
1
1
1
16
4
8
1
1
2
1
1
1
1
1
1
28
1
2
4
28
1
8
1
87
1
448
1
890
1
1
1
17
1
1
1
4
1
1
1
1
45
1
1
6
1
1
1
7
4
2
1
1
1
2
8
87
3
15
1
14
6
273
3
2
33
6
1
157
6
96
1
1
21
1
3
4
1
3
1
6
12
1
1
5
10
20
72
6
1
4
22
122
10
2
3
3
1
23
1
1
17
3
5
1
1
1
2
6
1
107
1
1
1
1
5
9
1
1
1
1
1
5
1
124
3
126
1
1
7
1
4
36
1
1
1
137
2
1
1
1
1
2241
1
748
1
1
19
1
1
9
1
1
1
1
1
1
3
1
1
5
142
10
1034
6
1
1
3
1
1
1
32
2
1
2
18
16
1
3
1
1
1
5
1
2
4
1
28
2
7
915
1
19
1
2
9
1
2
1
22
4
1
1
1
22
1
3
3
30
98
1
1
1
1
7
1
2
1
2
12
1
2
97
1
317
3
10
1
1
2
1
5
9
1
4
1
1
11
18
1
4
1
6
1
1
1
381
3
1
184
1
2
1
921
1
18
150
7
8
18
64
5
1
7
1
18
212
3
7
3
2
10
26
20
282
1
1
2
1
3
46
1
1
3
1
1
4
11
26
5
58
1155
1
1
1
2
1
15
78
6
2
6
115
13
1
68
2
1
1
9
3
2
63
13
181
2
248
1
4
1
1
8
1
1
1
1
1
13
1
2
1
5
1
1
1
1
8
17
1
1
2
1
1
1
1
4
11
2
6
2
4
1
3
62
13
9
1
1
3
2
2
100
1
5
2
1
1
13
1
12
1
1
6
1
359
1
136
2
1
422
1
1
1
3
49
2
2
1
8
1
2
39
4
35
1
2
627
5
1
2
5
4
1
1
44
1
31
3
6
96
3
1
7
1
1
2
1
1
3
16
64
1
2
1
7
1
35
1
33
1
1
7772
496
1846
3
20
1
3
126
1
1
9
1
3
8
1
23
22
1
6
42
20
1
1
12
1
152
3
1
1
1
2
25
1
48
1
1
1
16
3
1
2
2
1
1
1
4
1
1
2
1
14720
5
1
1
2
2
348
23
4
2
2
3209
2
1
5
5
2
1
1
10
1
1
11
1
9
2
226
43
1
1
2
1
1
45
1
13
2
347
115
54
2
41
5
3
1
1
10
1
882
1
76
8
2
1
34
3
3
692
11
1
35
1
1
312
5
1
65
1
127
1
2
9
2
2
17
10
154
5
1
5
2
2
2
1
1
2
2
1
1
1
2
7
1
1
1
1
60
6
1
6
1
11
1
62
6
4
2
22
6
1
1
1
11
1
11
3
1
1
1
2
1
26
1
8
3
1
2
2
8
22
5
3106
341
8
2
3
1
1
1
1
226
1
1
23
12
1
1
1
20
5
1
14
1
1
1
20
2
16
1
8
21
2
10
1
1
2
1
1
1
1
1
1
59
1
274
3
34
1
3
22
5
2
43
1
136
1
1
1
6
1
1
46
1
1
1
8
58
1
5
1
13
9
3
2
71
5
850
1
1
3
2
1
1
11
11
258
1
1
140
1
1
1
1607
1
128
7
9
1
1
2
7
48
16
2
2
10
2
1
1
5
1
62
1
2736
4246
495
1
1
53
1
2
4
1
1
42
2
150
1
16
1
1
1
2
1
4
19
1
2
48
18
3
12
5
10
15
799
3
1
1
2
1
4
18
2
1
10
5
2
112
1
1
1
1
137
17
271
1
1
1
1
170
5
17
187
2
7
1
323
1
1
3
3
1
1
6
2
56
1
1
12
1
1
5
376
5
1
1
32
1
10
2
1
1
1
1581
49
1
29
1
3
1
33
1
1
6
1
4
40
2
199
3
4
1
1
1
3
6
5
21
1
2
1
1
3
4
42
79
4
47
397
185
1
1
1
1
188
10
3
1
1
1
5
20
1
1
2
1
3
605
1
1
1
1
6
2
7
10
1
10
1
1
2
1
4
1
1
9
3
1
6
5
10
1
5696
1
1
4
1
869
88
2
3
2
1
1
1
2
23
1
8
32
1
2
12
1
17
20
6
285
1
1
2
1
4
2
1
18
2
9
1
1
5
1
1
1
2
2
1
2
1
1
4
4
1
102
812
2
1
18
6
82
2
1
5
14
28
3
1
88
3
1
2
3
554
6
1
2
3
1
14
1
60
2
1
3
15
285
9
1
4
1
1
1
2
5
82
4
32
1
1013
1
4
24
176
1708
8
18
1
3
1
1
9
128
445
1
3
1
110
1
2
7
15
1
26
12
1
961
47
34
4
1
4
260
1
304
4
2
17
1
1
1
1
9
12
1
181
2
1
24
1
1
2
1
1
1
1
325
2
10
1
2
3
1
561
1
1
1
814
85
2
14
53
1
1
48
1
79
28
1
24
1
21
1
2
1
17
4
3
1
5
1
2
41
1
55
1
30
1
1
3
4
3
11
1
3
1
1
8
7
1
1
2
5
1
3
2
1
1
12
1
6
4
1
1
22
2
80
1
3
6
2
7
3
1
52
3
10
1
13
1
2
5
57
1
1
1
6
1
1
3
1
204
24
5
19
1
34
1
3
53
1
1
1
12
2
1
1
3
1
1
2
24
27
1
2
1
1
4
1
1
17
1
7
1
2
111
1
11
33
1
1
1
2
1
1
7
1
50
4
14
8
11
3
5
27
12
1
1
10
2
1
21
1
6
138
61
1170
1
443
1
1
22
1
1
11
1
1
1
1
1
15
1
851
5
1
1
3
1
2
4
14
2
2
50
1
1
5
681
1
2
1
6
95
1
14
1
6
1
1
3
3
1
7
27
1
5
9
5
51
1
1
2
2
22
1
3
9018
1
3
8
1
31
18
11
41
4
1
1
3
7
1
107
1
1
17
215
1
6
17
3
2
2
103
1
5
6
5
10024
1
1
5
1
1
5
5
5
1
1
10031
20
11
7
1
42
7
3
142
45
1
1
4
30
1
93
1
1174
6
1
27
1
1
2
1
1
1
4
1
61
4
61
7
6
4
1
1
1
1
1
1
1
1
73
71
3
1
6
3
12
1
1
6
17
1
6
5
22
1
43
14
1
2
21
1
54
2
286
1
1
55
1
1
1
95
20
2
4
1
12
1
2
20
1338
1
24
4
33
2
2
17
1
18
1
4
37
1
19
3
1
66
1
5
1
5
1
46
1
1
3
34
1
1
67
9
1
3
1
1
2
12
10
1
4
2
1
4
1
1
3
139
36
1
111
65
14
18
55
1
1
13
11
1
563
10
2
11
1
1
77
6
450
1
5
2
39
2
1
3
2
3
6
2
143
2
5
165
1
23
1
2
160
1
4
89
1
1
3
1
1
526
1
2
1
17
54
1
18
1
1
2
14
2
20
1
1
1
739
1
5
1
4
3
3
5
2
62
1
1
13
159
1
7
2
1
1
3
1
14
5
2
2
1
10
2
3
1
1
1
1
1
1
1
19
1
1
110
14
1
1
3
1
1
5
9
4
1
5
27
27
3
2
2
1
1
28
2
41
1
1
98
1
5
2
3
5
1
22
1
2
1
1
1
1
152
465
1
2
557
688
2
1
6
1
1
16
5
71
5
2
142
2
3
1
3
13
1
1
7
3
2
150
236
1511
786
27
1
1
599
1
1
9272
1
2
1
1
1
1
1
1
1
1
1
2
14
6
1130
6297
16
1
7
3
6
1
1
4
2
2
5
12
21
829
1
1
9
1
1
1
1
1
1
1
18
1
1
1
3
1
1
1
1
2
1
22
1
3
1
1
1
79
1
2
1
1
1
1
1
1
1
1
1
1
1
1
38
2
2
5
26
1
1
5
2
2
1
1
13
2
5
25
1
1
4
1
2
1
63
1
20
63
4
3
11
9
1
2
5
1
1
3
16
1
9
2
1
1
273
5
4
1
1
1
99
1
5
1
8
1
1
40
43
35
2
1
1
6
198
1
5
42
3
4
1
61
1
3
19
1
6
1
1
2
4
356
1
1
29
6
1
45
1
3
4
24
1
1
6
18
69
1
243
1
115
3
1
1
90
2
2
9
1
2
1
2
2
1
19
1
1
29
8
1
1
1
1
4
1
4
610
133
1
1
1
1
1
8
14
5
3
47
1
1
1992
3535
1
1
2
1
1
3
1
1
1
1
1
8
1
5
15
1
1
361
1
2
4
1
7
1
1
1
5
14
565
69
1
2
14
1
5941
1
969
10
20
1
1
11
2
3
1
12
14
1
2
2
2
1
2
16
4
4
1
1
1
1
1
1
1
5
1
1
1
2
1
1
2
1
292
1
1
1
1
1
1
1
1
1
8
1
12
7
13
1
3
8
8
5
1
8
88
1
29
6
1
13
1
1
2
1
11
1
1
4
1
172
15
1
2
1
5
68
1
1
23
14
1
1
4
44
118
1
18
12
293
2
1
1
1
6
3
138
6
2
1
1
5
1
1
1
19
4
8
27
1
2
1
1
1
651
3
47
3
2
1
1
1
97
1
6
1
1
53
1
6
73
2
1
2
4
5
1
1
1
1
9
1
1
1593
1
1
1
1
1
6
1
1
1
1
1
2
1
1
5
1
80
1
1
2
106
14
6
3
1
1
2
139
8
1
22
1
16
1
24
1
50
1
1
1
1
2
1
10
19
1
1
7
1
2
1
1
1
2
1
5
1
1
1
4
1
1
1
108
2
1
2
1
1
1
1
2
1
3
1
2
111
1
2
22
2
23
7
4
2
33
1
12
1
17
1
1
2
80
16
1
2
1
242
1
43
1
1
2
1
2
1
27
1
5
3
2
1
2
3
58
1
52
3
1
1
1
6
2
2
26
2
90
9
181
1159
1
1
242
69
1
1
46
1
31
1
10
3
1
248
2
1
1
1
449
45
5
4
1
28
5
1
2
2
1990
19
2
700
189
2
2
1
2
2
5
1
486
14
2
1
4
444
10
1
1
7
2
1
1
170
1
6
2
2
1
1
1
1
1
58
352
17
826
5715
17
172
1
27
2
2928
87
1
1
1
2
1
1
3
941
2
17
502
2
1
33
1
1
2
20
19
3399
5
1
1
1
1
10
33
1
439
2043
1282
1
1
1
1
4
17
3
1
904
1
1
36
1
5
1
8
1
450
9
14
21
2
2
132
1
1
1
1
6
3
1
1
9
1
1
1
1
1
1
1
78
10
1
2
22
1
1070
318
1
64
1
2
1
1
4
3
2327
60
1
5631
1
10
1
56
9930
1099
2
2
168
6
1190
2
1
9
2
2
48
2
1
2
2341
1444
348
851
6
12
6
2
9
2
4
21
6
2
2
641
1
6506
3
6
21
680
359
2
2946
1
4
324
22
2
1
1579
4
218
1
59
9
325
9
1
1
71
1
2
2
1
1
60
6
190
4566
101
31
2
1
47
1
167
3
1
4285
350
21
3
1
3
9
1
1
1
5
1
3
2
46
34
2
1
2
1
1
1
22
2
1
1
12
5
1
84
1
1
26
4
184
5
5704
1
1
31
120
25
82
13
9967
4
37
11
1
18
1
17
3064
1
1
3
24
1491
2
2
2
14
1
1
2
1
3
4
209
671
1
8
6
4
17006
1
3
2
55
2
1
1
1
203
2568
35
1
569
1
9
5
58
126
1
2
1
2
2762
42
1
5
7
18
9
1
6
2
1
2
1
6
3
1
1
5
1
2
1
6757
1
2
15
2
1180
1
1
2
9
1
1
831
2
180
15
4
1
5
38
1
1
1
1
16
1
1
571
1
1
1
4
1
1
17
2
3
465
3
22
22
12
2
1
332
1
2
1
1
1
9
2
1
758
2
81
1
3
1
772
22
179
2
1
18
3
1
1
1
26
15
103
36
25
2
6
1
1
57
1
6
1
1
1
2
780
4
1
409
1
1
18
1
6
26
4
1
95
2
1
2
3
9
7
306
1
1
3
6
2
41
4
6
2
1
1
1
1
1
1
29
135
294
180
6
60
11
100
2
50
1
1
1
1
1
1
1
2
420
1
1
3232
1
353
18
17
1
270
64
6872
230
3
7
11
20
91
1
15
1
2
2
2
177
52
92
3
2
1
3
32
181
3
17
3
8
1
3
2852
179
1
343
100
1
8
4
95
107
7
1
13
137
2342
5248
860
1
741
753
21
3
780
1
839
1
1
1
1
4
4
8
1
2
1
1
34
1
345
1
1
2
1
11
2
2
2
1
154
207
1
1
1
1
29
4
1
1
3
1
14
3
20
1
1
337
1
1
4
15
6
10
1
1
4
1
1
1
37
390
53
17
2
1
5
2
14
2
3
1
7
1
8
5
3
1
1
2
1
1
2
1
1
79
1
176
1
1216
3
4
2
1
1
15
22
1
20
1
12
44
4
1
2
2
1
1
6
3
1
1
1
3
1
1
7
1
59
1
1
1
1
1
2
1
1
10
33
19
1
1
1
1
95
2
5
2
1
5
1
4
3
1
39
22
13
313
1483
2
1
1
6
1
1
1
1
5
1
2
1
1
1
1
2
1
1
1
1
9
45
8
34
55
1
1
261
20
1
5
1
1
1
195
77
6
1
11
13
1
95
45
30
6
1
2
9
724
2
1
3
1
1
1
30
1
11
1
5
1
5
3
1
1
19
3
85
1
1
1
1
3
5
1
1209
18
1
5
1
5
1
1
3
2435
82
70
3
2
6
2
2
1
8
2
1
1
1
1
1
3
32
14
1
2
1
1
1
41
1
2
1
18
1
2
1
3
19
8
165
60
23
1
229
1
1
1
1
1
5
1
1
6
1
1
25
1
1
1
2
1
4
1
24
1
20
9
1
3
2
1
137
2
3
3
1
13
1
33
23
1
1
1
2
6673
1
1
1
281
1
1
3
9
1
1
1
9
956
4
93
2
63
1
134
1
29
9
8
225
18
2
15
1
122
1
2
1
3
1
3
1
4346
12
1
2
1
1
1
1
2
13
5
251
37
25
3
1
1
499
4
1
1
1509
2
1
987
23
7
1
10
1
1
1
22
1
1
12
1
5
194
2
2
3
11
1
49
1
2
30
3
13
89
3
5
1
2
6
1
1
2
1744
262
226
10
1474
1
10
1
1
5
4
1
48
8
2
1
16
1
2
1
8
1
1
24
3
305
1
74
1
1
1
59
2
1
15
63
1
252
2
1
2
6
20
2
2
1
2
1
48
7
10
1
2
1
4
20
1
1
1
2
1
104
1
1
69
4550
6
252
1
14
1
1170
8
2
1
10
3
24
1
1
260
1
54
7
2
1
1
1
2
12
3
1
1
7
210
1
1
1
24
1
1
4
3
2
1
1
44
1
11
1
2
1
4
188
5
10
18
1
291
2
1
6
1
2
81
4
22
1
1
3
1
8
1
138
9
1
1
3
1
1
4
2
1
1
1
1
3
1
1397
3
15
1
1
1
4
1
1
9
19
10
25
5
1
3
8
41
1
1
18
2
7
6
10
1
3
1
8
242
1
39
1
1
44
1
4
31
10
1
4
2
1
1
62
1
1
10
1
3
1
1
1
246
14
1
1
15
1
2
2
51
1
5
15
2
6
39
1
10
31
3
19
8
1
1
1
19
1
2
1
3
26
29
3
15
14
1
1
4
1
2
5
3
1219
31
4
1
1
469
12
9
1
5
14
1814
1
3
9
1
4
8
22
13
2
3
33
73
1
1
1
2
1
5
47
3
21
51
1
1
8
1
1
1
1
11
1
1
1
1
9
2
2
1
1
8
1
42
21
2
1
16
2
1
1
78
1
6
2
8
46
180
11
3
3
3
2
4
6
3
1
1
1
1
1
1
3215
212
1
233
1
10
3
1
113
1
4
1
11
123
3
1
7
593
1
58
1
6
14
1
6
225
49
2
1
1
1
1
1
8
63
5
1
3
2
3
68
3
2
1
1
1
2
4
1
10
18
1
1
4
13
1
19
1
3
12208
3
1
1
8
2
1
1
1
1
6
17
25
1
7
1
3
1
1
6
14
11
4
4
5
2
5
9
20
1
30
1
1
4
3
1
11
44
1164
2
422
1
1
1
1
1
1
2
91
106
6
1
2
3
7
3
148
1
3
2
1
145
2
1
13
960
1
1
1
558
1
1
17
1
1
2
51
2
58
16
73
1
1
6
69
1
1509
3
24
3
48
7
1
4
1
13
3
114
11
23
1
255
80
6
5
1
3
1
6
1
1
2023
23
10
31
1
1
2
1
2
19
4
1
4
695
43
1
110
21
1
1
4
7
356
1
21
1
33
197
1
2
1
5
53
2
1
2
41
1
1
6
1
42
1
65
1
1
1
1
4
6
1
4
1
4
4
8
346
3
1
79
1
1
1
61
1
24
7495
20
1
1
5
1
3
3
6
1
1
6
3
1
1
4
567
2
35
1
1
135
1
5
2
5
8
3
2
21
1
1
171
1
1
8
1
1
219
1
68
1
1
4
96
1
37
8
188
180
4
2
1
4
1
7
1
1
1
2
26
1
45
2
255
36
14
543
88
1
40
1
257
1
2
51
1078
1
1
87
6
8
1
6
1
9
5
28
2
1065
1
2
1
1
3
1
40
8
1
1
80
1
1
1
1
27
42
1
4
23
94
1
2
21
1
1
2
7
1
2
55
2
33
1
66
6
1
1
6
7
56
1
1
1
1
7
2
1
1
6
1
94
7
1
3
4
1
1
1
16
62
3
1
2
2
3
153
2
1
1
1
1
1
2
1
2334
762
1
6
2
1
27
1
1
1
1
5
1
7
35
1
1
159
1
1
1
1
6
2
79
2
1
2
1
35
1
3
10
1
1
8
3
1
3
17
3
15
1
1
3
3
4
1
22
18
1
2
2
44
88
6
1
10
1
1
9
1
1
83
14
5
21
4
20
2
2
4
4
1
11
1
1
3
88
1
1
2
1
26
8
2
1
1
1
1
2
1
24
1
7
1
1
1
1
1
18
7
2
1
1
1
11
1
14
12
26
31
3
5
13
15
1
36
1
1
1
1
1
1
1
36
1
1
37
4
7
2
2
9
1
141
1
299
1
3
23
75
4
15
10
2
2
1
3
1
65
1
3
6
1
2
2
132
27
15
3
1
2
133
4
15
8
91
8
29
2
1
1
499
473
2
12
1
1
26
1
2227
1
1
143
1
5
1
2
259
17
2
75
7
1
2
1
8
1
1
1
55
58
5
1
4
2
1
1
12
16
7
1
4411
3
1
25
16
2
3
301
8
3
132
1
145
11
1
13
1
16
1
1
1
4
3
1
1
6
12
1
11
1
1
5
1
2
6
740
1
85
1
18
4
2
1
1
17
5
1
1
8
79
6
1
2
5
2
1
6
7
38
1
1
20
11
3
2
1
1
6
1
2552
191
1
1
5
1
2
2
3
1
1
1
8082
1
862
1
10
77
993
1
1
554
1
365
8
1
1
21
1
1
2
1
1
1
1075
2
1
1
4
69
6
165
3
204
40
1
1
1
11
1
30
2
1
1
1
111
4
20
11221
23
1
7
3
1
1
1
1
2
3
1
1
1
1
1
5
3
17
1
8
1
1
10
9
1
1
1
9
1
1
1
1
4
5
4
4
1
11
1
23
1
1
2
22
1
1
1
1
1
4
12
48
5
3
1
1
3
6
1
2
118
2
3
23
1
1
1
3
1
1
1
9
1
56
45
1
32
28
1
11
4
2
2
13
7
186
2
1
3
2
1
4
45
9
30
3
2
936
1
1
1
2
1
1
1
7
3
5
2
33
5
23
17
1
1
1
1
4
1
6
1
4
1
1
1
7
15
7
3
2
1
11
2
1
8
269
25
5
2
4
11
5
1
16
14
463
209
1
1
1
1
1
2
2
2
2
1
1
1
19
60
1
1
3
21
15
2
741
6
23
1
61
1
4
5
8
3
1
1
103
1
40
1
1
1
1
18
1
1
1
1
20
1
12
8
161
1
1
2
7
1
2
1
1
1
1
1
3
1
20
64
165
2
1
80
1
3
1
1
2
1
1
1
133
2
7
1
1
1
1
82
67
1
38
2
506
3
1
3
1
2
656
1
1
1
1
1
31
1
1
80
5
1
33
1
1
88
1
1
1
88
60
1
285
12
1
2
1
1
1
186
1
1
2
4
1
1
5
1
1
1
2
1
1
1
19
20
2
78
12
4
1
3
1
28
141
1
2
1
1
1
1
3
1
65
6
1
5
1
5
1
1
502
179
22
1
385
14
3
29
13
3
1
4
62
1
1
1499
1
1
1
1
11
1
1
1
2
1
1
1
22
429
1
19
1
1
1
1
1
4
5
110
2
8
3
18
159
1
1
5
6
2
18
2
4
9
151
2
2
1
2
1
3
1
1
1
1
133
160
1
4
2
2
2
4
1
3
1
6
2
5
123
8
47
9
1
51
1
32
2
68
114
3338
26
1
1
3
1
1
3
69
2
1
5
1
1
1
1
2
2
70
1
1
2
1
8621
4
2
4
2
44
1
8
108
2
40
1
1309
1
1
30
1
17
5
1
7
2
1
4
9
11
14
1
1
2
1
1
1
2
6
5
2
6
4
2
1
1
1
2
1
1
1
6
146
3
1
2
1
7
2
26
1
2
1
2
66
1
1
1
1
2
292
1
4
1
1
4
2
3
27
347
8
1
1
3
7
21
1
19
1
1
1
4
1
1
1
8
1
25
1
44
1389
7
54
1
1
9
131
87
27
1
1
3
3
1
2
1
1
1
635
5
144
274
2
3
7
8
1
2
9
98
2
1
13
10
6
6
7
1
1
2
140
1
241
4
12
1
2
1
1
1
1
2
1
1
3
1
1
4
1
7
4
1
1
4
3
3
1
1
1
21
1
79
9
1
1
1
2
1
1
1
1
1
1
30
1
34
1
6
1
1
1
1
1
1
43
2
16
1
2
3
2
11
1
267
167
6
9
1
1
13
1
2
516
37
1
1
5
3
4
1
668
36
14
1
1
1
1
40
1
1
1
1
1
1
1
2
1
1
59
1
5
1
2
1
1
1
1
1
1
9
1
1
1
6
1
1
1
1
1
1
1
138
1
664
2
2793
1
1
4
188
1
1
4
474
102
1
1
1
1
1
1
3
1
1
1
1
41
4
12
1
1
1
3
2
2
1
3
1
1
1
1
1
1
1
35
1
86
1
401
1
1
19
6
1
10
40
1
1
3
1
1
1
1
1
1
28
2
1
2
8
1
1
10
2
18
5
1
2
1
3
5
1
1
1
1
1
11
1
6
7
1
1
2
10
11
2
5
2
1
7
1
1
1
1
2
5
3
12
1
6
1
7
1
1
2
4
3
2
2
7
71
1
1
1
27
1
10
4
2
45
1
1
1
1
2
9
10
16
22
8
598
1
8
1
3
1
1
3
1
272
1
1
3
8
1
6
70
2
18
2
18
1
2
1
4
2
212
1
1
1
2
1
1
2
4
1
2
24
2
1
1
2
2
3
1
11
2
11
1
1
6
1
1
1
5
14
1
1163
4
1
261
1
3
1
1
1
25
1
1
1
1
1
48
3
1
2
4212
1
31
166
1
35
2
1
4
3
2
1
1
42
1376
1
2
11
1
2
1
1
1
6
6
60
1
25
1
6
1
3
5
1
1
4
9
2
3
2
1
1
1
1
1
1
9
24
2
65
1
10
2
1
1
1
42
14
66
8
3
206
1
103
1
20
1
1
1
4
1
2
124
2
14
2
1
1
15
2
2
6
2
2
29
77
6
128
1
113
9
37
1
1
7
2
1
3
86
1
1
1
10
3519
1
1
12
220
28
2
30
1
1
1
162
1
1
771
3
4
1
1
20
1
6
1
1
54
43
1
123
20
1
24
1
1
28
1
19
141
1
9
1
22
7
1
1
10
1
2
6
4
2
7
1
21
1
26
12
15
11
1
1
1
8
2
9
25
3
3
1
1
1
1
1
2
51
4
10
2
25
1
43
1
830
1
1
1
1
1
4
1
1
1
1121
2
127
2
1
1
5
1
1
82
1
2
1
4
2
5
160
2
6
2
1
1
1
729
1
1
4
5
3
1
1
1
1
1
1
1
1
30
5
3
1
4
3
14
1
1
1
2
58
64
1
2
1
1
1
1
1
1
1
1
75
1
32
16
166
1
289
54
52
2
2
91
3
5
4
24
272
76
1
1
8
1
11
141
1
1
1
5
7760
1
1
8
5
1
168
1
19
1
7
9
1
1
2
2
2
3
7
5
9
3
1
1
1
1
2
1
1
2
1
1
1
1
1
1
2
2
1
2
22
12
1
1
1
2
1
1
2
8
21
1
1
1
1
1
2
8
116
1
62
1
7
29
1
1
1
1
1
3
30
2
1
1
1
40
1
278
2
3
1
1
1
7
1
1
1
1
1
1
1
2
1
1
1
151
2
1
1
7
1
2
1
1
111
1
4
1
2
109
1
7
15
1
4
39
1
109
1
5
1
156
46
2
343
1
48
1
6
14
4
2
351
3
1
1
13
74
1
1
4
1
1
1
2
547
3
1
529
1
5
1
1
1
1
1
1
3
2
31
5
1
1
1
2
34
16
2
6
1
1
1
6
1
1
1
2
3
1
42
16
9
24
669
1
1
23
1
1
1
1
7
1
1650
754
1
1
1
1
2
18
1
1553
2455
132
1
13
1
2
29
3
1
1
1
22
13
1
5
1
1
4
3
1
2
1
1
3
8
23
2
1
8
15
5
2
1
13
1
3
3
3
1
1
2
3
151
1
3
5
1
2
15
2
5
38
4
1
1
1
1
1
2
1063
12
1
1
1
15
6
1
34
8
3
7
1
1089
1
2
2485
5
1
1
1
14
1
4
48
1
5
81
2
1
47
1
5
1
10679
3
1832
5
499
1
33
3
74
4
361
11
1
1
2
1
1
29
2
1
1
1
1
1
25
15
9
10
7
1
1
4
1
1
1
1
3
9
1
159
4
1
1
357
2
1
1
265
1
2
1
131
7
13
363
18
105
1
1
6
3
1
1
1
1
6
1
182
1
6
1
17
1
3
10
1
2
5
11
14
24
30
15
1
153
56
1
850
2
19
2
1
2
414
1
1
1
1
1
12
1
80
58
1422
40
44
1
1
1
649
3
2
1
1
1
1
501
1
282
1
1
1
1
1
1
1
3
1
1
1
5
713
1
1
1
10
3
1
65
2
1
1
1
321
1
1
2
1
1
1
1
1
32
5
1
4571
2106
128
16
504
4
1
1
1
5
1
118
493
1
1
1
1
297
634
4
1173
2
2
332
3
1
1
1
1
659
2
1
1
1
1
12
2
10
1
1
1
1
1
1099
160
1
1102
28
5
1
5
9
3
1
1
1
1
3
22
1
1
1
572
3
3
786
1
924
4
32
187
1
2
19
16
5
11943
5
6
60
1
2
3
1
1
1
7
1
1057
2
1014
1
29
1
5
132
3
3
1
1
1
2
1
6
1
43
1
3
3
1
3
399
1810
5
26
2
4
177
2
1
1
132
39
1
1
1
2
3
3
2
3
3
4
1
1
1
1
1
1
12
5
85
2
1
10
25
2
5
2
1
15
1
20
1
2
1
31
2
11
1
274
1
7
128
1
2
1
1
3
2
3
16
1
204
1
43
1
9
1
1
19
1
2
1
2
6
3
1
39
1
1
9
1
1
1
43
3
31
5
2
1
1
1
1
1
20
3
21
1
1
82
1
1
1
4
3
5
2
169
2
1
3
1
1
1
17
3
1
1
3
1
2
1
32
1
1
3
16
36
3
1
1
1
3
2
89
1
1
1
1
28
2
1
4
2
1
1
1
1
1639
4
5
10
11
3
1
3
1
1
3
7
1
1
118
22
1
1
8
1
36
12
247
7
25
1
3
1
1
90
7
1
3
7
2
2
1
21
2
1
1
42
14
1
6
1
142
3
2
1
110
1
2
1
1
1
25
4
87
11
2
146
5
1
5
1
10
1
24
1
1
19
1
1
3
10
3
5
1
1
64
1
1
68
1
1
4
2
1
61
6
1
8
1
1
1
1
1
4
5
1085
1
1
106
1
1
1
22
1
1
3
33
10
112
1
1
22
3
17
1
132
54
1
1
2
6
13
1
1
5
5
7
3
10
14
2
8
204
1
1
112
1
1
7
1
6
12
1
25
6
2
3
1
8
1
31
2
4
13
1
4
1
1
3
15
37
2
1
99
1
34
17
23
9
239
20
2
13
1
7
3
16
5
2
2
27
36
160
1
2
1
43
51
1
3
1
180
1
1
241
1
48
2
1
2
4
47
2
1
1
2
44
1
129
2
3
1
1
1
78
1
8
3
1
1267
85
18
5
1
1
12
1
197
3
5
1
2
1
1
2
1
16
3
2
1466
7
3
37
77
1
98
2
14
1
1
1
115
7
10
3
8
1
2
12
1
1392
225
1
411
1
1
244
2
1
2
17
9
1
15
1
1
2
1
1
1
1
35
4
4
1
1
2
1
1
2
2
1
8
1
1
1
4
1
41
1
1
1
330
1
1
1
1
107
8
2
1
1074
74
7192
1064
1
62
1
3
1
1
1
1
5
7
1
1
1
1
3
1
1
1
3
5
6
2
63
238
1
1577
2
21
366
1
3
4728
1
5067
5
30
1
12
2
1
7
2
1
231
1
4
4
12
1
1
1
1
2
1
1
7
1
2
51
3
1
17
3
21
1
1
50
8
1
20
3
2
2
2
2
2
1
4
73
1
1
6
1
1
34
20
1
1
1
1
1
12
6
33
1
6
1
2
1
2
2
3
1
2
8
1
1
2
1
1
1
1
2
64
1
1
2379
1
1
1
1
1
1
1
3
7
9
1
1
1
1
1
1
9
3
4
58
2
20
3
5
2
3
1
22
1
1
1
1
4
29
1
1
1
1
1820
6
2
5
1
12
182
2
15
11
34
1737
1
1
1
1214
1
1
1
12
24
1
1
1
1
1
1
2
3950
2
6
1
4
5443
1
4
211
23
18
4588
7
2
4685
18
2
1
8
27
2
8
5
4
8
12
4
4
25
195
1
1
1
3
1
1
6
145
8
1
5
15
10
1
1
2
1
589
1
1
1
3
1
4
1084
1
1
1
1
6
1
9
1
4
69
1
1
20756
4
570
1
1
9
2406
1
1
6
6
1
1
1
32
3
3
2
1
6
40
1
1296
7
2
3
1
3
1
225
1803
1
8
13
10
4
1
226
5
2
1
1
1
4
5
22
1
25
4
2
1
5
223
15
1
52
1
1
48
2
1
24
112
247
2
1
1
420
117
1
1
11
111
1
2
1
102
2
73
1
1
6
1
4
2
1
2
252
593
8741
1528
39
1
882
11
30
645
1
86
5
1
27
6
1
3
7
4
8
1
1
35
1
8
99
1
1
5
9
3
10
1
1
7
1
4
1
105
17
1
1
2
109
1
17
3
2
19
46
9
2
1190
1
960
3
227
1
1
2
7
92
1
52
3
23
1
1
57
1
3
52
148
1
1
1
1
2
42
2
2
1
1
8
18
1
16
2
1
1
3258
1
1
1
1
282
2
1
397
1
16
5
1
10
9
1
7
1088
10
3
94
4
2
2617
1
10
2
1
1
1
1520
1
1
3
20
1990
1
1
16
2
1
1
1
1
1
1
1
1
1
1
18
7
1
1
16
1
1
3
30
2
46
1
1
1
1
4
44
2
4
2
113
1
1
1
94
1
38
1
1
161
2
1
3
5
2
1
1
1
3
1
14
64
1
1
30
3
1
1
1
1
2
1
1
13
1
2
1
2
13
330
349
9
3
1
1
4
96
1
6
1
5
1882
1
1
2
470
1
187
1
3
100
2
1
2172
1
4
2
28
99
2
1
1
4
1
1
1
20
3194
2
2
1
2
1
2
26
1
2
734
4
1
1
2
107
1
433
41
7
9
1
1
31
15
2
241
1
1
13
1
41
86
8
9
239
48
2
2824
3
1
1
1
3
3
1
3
1
1
7
1172
15
1
3
226
5
15
3
3
1
2
8
13
4
1
1
1
1
19
1
1
28
1
616
539
2
1
2
3
2
50
1
1
1
2
1
2
1
2
1
1
1
1
1
270
1
3
1
1
18
55
1
1
965
2
1
53
1
12
10
3
17
1289
7
25
1
1
1
3
1
1
3
1
1
20
251
1
1
4
7
12
1
35
7
4
8
4
2
1
1
3
1
31
4
4
1294
1
1
3
38
128
12
1
1
3
3
4
1
1
17
1
1
6
1
3
1
114
151
7
1
67
2
20
12
2
1
16
1
4
1
3
6
11
27
688
3
1
20
20
4
16
97
8
1
24
1
22
1
1
387
3
1
1
2
1
116
3
2
3
12
46
1
2
2
1
2
22
123
3
3
2
3
2761
1
26
13
4
1
1
5
1
1
80
3
2
1
61
1
1
2
17
1
4
2
147
1
7
1
2
5
3627
1
7
1
1
16
3
12
1
1
1
2
1
3
1
2
143
4
1
18
1
1
2
1
3
22
1
6
2
1
1
1
2
1
2
2
49
1
1
2
5
1
31
29
608
1
1
2
1
2
6
5
1
1
9
1
7
1
1
1
1
1
1
5
1
1
1
4
493
1
1
2
200
37
1
1816
118
1
1
1
14
97
24
4
1
1
3
12
2
1
1357
2
2
19
1
3
24
197
20
9
3
1
1
3
1655
1
1
65
1
2
1
32
1
1
1
1
12
1
931
3
1
76
1
35
1
90
1
16
1
1
1
5
1
1
1
419
4
2
2
1
1
1
1
1
1
14
1
4
2
3
4
2
1
1
1
1
2
66
115
1
1
3
3
2
1
5
1
18
22
1
1
1
1
1
20
12
2
1
3
1
7
1
1
5
1
1
2
26
3
1050
1
1
1
32
7
1
3244
1
1
10
33
5
1
197
5
33
1
1
2
2
401
457
1
1
1
231
33
1584
5
207
36
3
909
2
113
1
9900
1
4
1
6
2
1
2
1
1
3
3
1
37
69
1
3
1
1
1
2
6143
1
1
11
2
15
2
63
1
1
2
1
102
8
1
8
206
7
1
10
2
1
2
8
1
18
6
1
8
1
136
1
1
2
1
1
2
1879
1
1
5
1028
6331
1
2
198
13
1
5
1
14
7
1
2097
1
1
16
11
9
2
5
7
103
686
3
1
24
30
4
15
1
713
2
4
24
5
1
1
1
2309
1
337
1
1
1
1
4
9
1
740
554
1
1
2
1
1
2
5
12
1
3
1
14
1
1
3
10
4
321
1
1
1
671
19
1
2
3
1
4
3
1
4
68
1
20
7
1
4
1
1
1
1
2
1
2
24
7
2
1
1
3
1
1
1
1
1
3
2
2
1
9
96
2
1
1
1
1
1
1
3
14
1
1
1
2
2
1
1
2
1
4
1
1
1
3
19
49
1
1
110
54
53
1
795
3
1
58
1
1
62
9496
3
7
109
2
1
1
142
3
6
1
1
1
1
2
2
1
4
2
116
25
15
1
5
2
1
1
6
1
1
4
1
1
55
1
1
1
1
1
3
3
1
1
3
6
3
5
2
4
6
1
155
1
33
11
28
4
1
1
2
3
1
11
3
6
2
6
1
1
1
40
56
85
7
1
1
1
2
1
3
20
17
1
23
2
1
1
1
9
1
1
5
1
33
1
1
5
142
1
1
3
1
1
2
1
4
9
1
4
1
1
22
2
1
1
1
1
1
4
2
1
8
1
1
1
8
1
1098
1
1
3
1
1
1
34
1
1
1
1
1
1
23
652
15
2
1
18
2
1
8
1
1
2
8
1
1
1
1
1
1
1
1
466
4
88
222
1
1
1
1
1
1
1
160
4512
19
9
25
47
1
3
4
1
1
1
64
58
1
1
1
1
1
22
8
1
22
9
2
3
1
1
27
8
1
4
2
1
1
1
11
2
1
2
1
7
10
149
2
24
12
71
33
1
1
9
5
8
1
2
5
1
2
1
130
26
7
2
1
38
17
4
1
1
5
18
14
1
1
1
2
1
4
5
1
59
37
1
1
1
1
1
14
1
33
10
1
15
1
3
8
1
1
1
7
3
21
3
1
12
1
8
3
5
1
2
4
9
245
2
8
1
4
1
18
1
1
1
637
439
1
1
11
4
1
2
9
48
2
2
654
208
2
1
1
2
9
1
2
1
3
18
1
3
1
1
1
1
1
1
2
1
2
309
1
3
40
147
81
1
2
1
6
1
7
7
4
1
1
1
3
1
4
3
2
3
1
1
1
1126
1
1
2
1
1
1
1
1
1
4
2
287
2
4
1
2
5
5
1
1
84
2
1
5
10
2
18
2
12
1
1
4
3
2
3
58
2
1
3
1
1
1
3
1
2035
2
1
1
2
1
2
1
1
6
9
1
1
4
284
1
1
1
1
1
1
2
26
1
1
2
1
1
1
4
15
1
1
12
68
14
12
3
1
3
19
15
16
25
178
9
13
1
136
6
1
8
6
1
1
5
2
1
1
3
1
2
14
1
1
412
1
1
5
208
4
1
1
128
1
1
1842
137
1
1
1
1
1
14
49
1
15
3
7
3
3
1
2
4
2
1
14
3
10
1
1
1
4
7
1
1
2
1
10
1
4
1
1
1
15
1
296
1
1
304
1
3
8
1
171
2
1
177
1
5
1
1
128
16
5
6
2
1
32
1
4
1
1
48
1
1
1
112
1
1
10
1
1
1
3
2
1
1
12
1
1
4
3
1
10
20
7
4
1160
1
17
1
2
3
1
2
10
1
1
1
1
278
1
5
2
8
1
1
1
5
1
1
261
1
1
1
1
1
1
2
1
1
3
52
3
1
1
1
1
1
1
1
5
3
8
6
13
13
12
60
1
11
5
6
20
21
23
1
32
11
1
22
2
8
43
5
1
2
26
2
1
9
17
58
2
6
69
1
4
1
121
121
1
1
2
2
10
3
2
1
1
1
1
1
61
3
13
1
1
2
2
1
2
22
308
21
1
1
22
64
1
4
1
38
1
1
1
1
1
1
1
1
1
41
5
1
1
1
6
4
1
1
1
8
1
1
3
2
8
1
94
20
18
1
44
2
96
1
3
1
26
1
15
1
1
1
1
1
18
2
130
3
1
1
14
2
2
156
3300
689
1
1
15
1282
2
25
8
1
29
18
3
1
83
1
17
4
2
1
19
14
1
1
1
1
1
45
1
230
32
2
1
1
3
1
2
12
3
1
12
6
2
1
1
2
4
5
3
13
7
4
1
2
3
1
53
1
1
1
2
1
2
1
1
1
1
2
5
1
11542
6759
1
1
1
121
1
1
3
1
1
1
2
15
2
1
3
102
1
1
1
5
1
7
9
1
23
1
1
1
5
2
1
1
2
5
4
4
14
4
1
1
1
2
1
1
6
27
48
3
2
2
1
3
293
21
47
10
2
18
45
1
1
1
104
3
1
8
36
7
1
1
36
1
210
1
742
1
1
1
105
1
1
1
1
1
2
19
1
1
1
1
14
17
111
2
1
11
1
1
12
33
11
1
1
1
4
20
15
1
1
1
29
298
1
1
683
1
263
1
1
2
113
9
8
1
3
388
3
11
2
84
1
1
229
1
1
75
8
1
3
1
710
2
1
5
1
1
1
1
1
1
52
2
2
1
251
2
1
1
1
5
2
19
1
12
1
3
50
4
1
1
5
1
1
1
1
1
1
39
170
1
2
6
1
1
20
3
8
1
2
1
1584
1
1
1
1
2696
5
1
6
13
10
118
1
3
7
1
1
1
2
1
24
173
1
1
245
1
6
8
36
3
2
1
1
1
159
2
6
1
258
14
6
34
1
1
3
2
4
1
5
17
2
2
1
6
4
19
661
11
23
1
7
1
3
5
1
146
4
10
2
2
1
1
20
34
13
147
1
1
9
17
1
3
5
35
1
3
10
13
1
4
151
2
1
1
2
45
1
5
3
23
1
1
3
3
1
1
1
2
36
1
1
2
10
12
1
5
4
1
5
7
2
1
17
1
3
3758
1
1
7557
1855
1
26
513
1
2
1
1
1
1
9990
1
681
1
1
217
53
19
1
1
1
1
21
2
17
51
1
9
3
125
1
4
1
1
1
1
1
1
639
1
1
1
1
16
92
1402
1
3
1
38
1
19
273
1301
2
13
1
52
1
1
1
1416
1
5
1
1
1
8
2
236
2
23
1
1
21
5
34
1
126
1
2
121
1
14
2
2714
1
1
1
4
272
203
1
2
1
7
1
71
19
1
5
1
13
2
1
6
506
119
34
3
1
1690
3
529
1
1
1
3
2218
1
2
1
5
39
232
262
4021
1
3480
11
1
1
3970
3
7
24
1
1
1
6
2
1
1
3
6
10
49
1
8
15
49
1
1
26
3
2
485
1
362
1
1
3
3
66
144
2
1
104
1
1
202
1
647
1
1
5
1
4
2
14
4
3
1
156
4
2
3
1
1
1
772
9
251
1
36
4
1
1
1
1
24
320
1
212
998
131
254
14
91
58
110
4
119
36
5
196
45
19
166
32
12
7
1522
14
10
18
3
48
31
1297
1261
10488
1746
3477
3
35
1
1
1
4
33
1
1
1
1
3
3446
1
7
15
61
47
1
2
1
2
1
1
3582
1
1
1
833
946
3
13
1
1
3
3
1
1
1
206
1
3
39
1
2
324
1
1
3
2
2
1
1
2
6
2
46
1
3
1
1
14
1
1
37
1
425
3
2
1
7
1
1
1
1
1
3183
2
17
1
1
12
4
2
88
3
2
1
83
25
1
19
1
83
1
6
1
1
85
1
30
11
1
43
1
1
2
1
3
11
6308
1
53
1
3
90
169
99
18
3
9
1
6
1
1
3
35
1
1
1
1
1
1
70
12
2
36
552
17
1
1
1
1
1
754
2
2
1
5
1
314
2
2
1
1
405
157
3
21
7
1
2
2
202
1
1
1
1
1
2
1
1
456
1
31
132
1088
1
3
101
1
14
1
74
4
22
5
1
1
1
102
14
2
1
114
1
2
1
2
5340
1
1
12
77
18
1
1
6
2
8
10
1
3
1
14
21
1
1
1
1294
188
9
66
86
23
1
1
1
2
1
8
2
1
205
2
6
1
4
1
6
5
1
1
9
7
1
24
21
1
2
1
247
1152
29
1
1
1
1
1
2
43
1
1
1
4
1
1
16
1
1
1
4
22
1
1
261
12
317
1
1
1
52
45
25
52
1
623
1
8
22
1
1
3
70
1
1
1
1
3
6
1
10
883
1
5
5
8
1
283
1
2
1
1
3
1
1
1
1
1
50
1
8
1
35
1
1
1
2
1
113
2
268
2
43
13
5
1
1
1
1
25
1
1
1
1
22
1
2
24
1
1
1
1
2
2
1
1
62
1
22
1
1
1
22
1
1
1
1
5
1
1
9
5
1
77
2
1
12
99
1
3
91
2
60
12
5
2
16
4
1
45
4
27
7
23
2
2
1
1
1
2
1
1
1
197
1
2
5
6
42
1
1
1
19
1
4
5
1
2
17
2
5
2
1
2
1
1
1
1
7
3
44
1
4
1
1
2
102
9
28
1
1
1
2
286
404
4
1
15
15
1
2
3920
8
1
1
1
1
1
63
1
1
1
11
4
1
4
1
81
2
4
51
1
1
30
1
2861
1
1
96
19
73
33
1
1
1
9
14
1
1
1
1
19
76
1
1
6
1
2
49
1
11
1
255
1
1
1855
1
2
78
2
10
1
1
30
2
1
1
1
1
3
261
71
2
659
1
333
1
7
1
1
1
8
2
859
3
3
1
122
5
1
1
1
2
2
1
2
1
6
1
1
71
6
1
3
17
1
4
31
10
113
3
60
1
53
12
5
59
2
1
1
991
2
49
6
1
1
4
144
1
2
3344
423
1
1
1
5
1
1
2
8
1
1
1
1
1
2
1
2
24
3
2
1
12
1
916
5
1
1
185
89
1
1
19
1
8
1
3
111
1
132
1
3
1
1
415
1
1
1
2590
1
4
585
7
44
1
1
35
3
2
1
1
6
1
1
1
2189
1
1
1
1
705
1
62
1
2
1
2
1
1
2
1
19
2
6
1
1
183
1
115
1
1
1
1
2
1089
1
2
1
238
5757
1
23
1
11
1
1
1
130
1
1
1
1
1
1
1
12
7
1
70
3013
1
793
278
29
3
1
26
29
3
4757
1
11
2
1
22
2
159
445
1
1
1
3
2
16
1
1
3
1
6
1
1
2
1
1
1
3
1
879
3
1
1
34
4
2
2538
1
1
761
3
1
26
1
617
14
276
1
3
1
185
1
1
85
1
2
1
28
12
1
1
8
31
1
1
3
1
3
6
2
1
103
28
4
1
107
1
1
151
1
2
7707
1
2
2
1
1056
36
16
1
1
1
1
1
3
1
7
1
1
2
1
1
1
3
1
396
19
1
1
39
1
2
16
2
1352
347
1
1
4
1
10
1991
2
2
3
117
207
2
1
1
17
1
7
1
15
1
2
1
13
1
25
1
8
1
2
1
442
1
1
1
12
1
10
1
6
1
5729
4
1
123
7
1
1
5
1
1
1
49
1
1
9
1
1
1
121
1
2
3
20
20
1
1
3
1
2
4
225
6
1
18
6
1
1
1
2
2
1
1
187
1
1
1
2
130
1
200
725
5
12
1
84
18
1
1
2
5
13
1
9
1
1
6
1
1
4
1
1
132
1
1990
5
2
92
1
5
1
1
1
1
1
62
1563
2
3
14
1
1
1
1
1
11
2
24
4
1
1116
3
4
863
1
8
19
8
1
2
1
2
6
1
6540
2
47
1
8
1
1
12
11
4
1
1
91
1
1
11
26
30
2
21
4
1
3
11
1
25
28
12
708
56
1
1
7
2001
4
3
4
1
37
23
1
1
23
14
1
1
2
1
1
114
8
1
1
1
7
3
11
1
2
1
1
1
4
334
1
7
2
10
1
1
7
1
1
1
1
19
1
24
1
2
1
1
267
1
2
1
1
23
1
1
1
5
1
4
1
1
1
1
1
1
2
2
1
1
1
1
1
2
1
11
4
4
2
1
1
14
1
1
1
5
6
1
4
1
26
14
22
1
2320
4
1
1
1
1
1
1
58
2
1
19
1
1
5
1
1
1
1
26
3
2
6
15
2
61
1
439
1
9
1
1
1
1
1
1
63
1102
167
1
1
9
64
5
36
1
9
1
1
1
24
1
2
1
15
31
1
287
19
1
3
22
11
1
1
1
1
2
24
6
1
1
1
1
213
1
10
1
1
1
925
1
111
1
20
1
1
1
1
1
1
5
10
1
87
1
1
1
3
4
1
37
6
1
1
1
1
1
1
1
1185
1
2
2
14
1
1
1
1
1
1
3
645
1
2
1
1
5
1
1
79
1
1
1
1
3
1
1
82
2
1
4
1
14
1
1
1
35
3
39
8
1
6
7
1
1
1
14
274
1
6
1
2
2508
1
71
1
3352
1
2
8
25
1
2191
1
1
3
1
2
1054
2052
72
1
1
1
2
27
1
1
1
2
14
7
3
1
28
1
1
2
47
1
3
3
1
49
1
8
1
1
2
5
120
8
1
1
2
1
45
1
1
1
1
1
3
1
540
1
17
1
1
25
1
1
2
2
1
1
75
2
22
1
3
1
106
3
1
12
3
1
1
1
11
1
31
3
1
11
3
1
1
3
1
6
1
130
6
1
6
2
2
1
2
3
10
2
280
1
3
1
5
871
2
1
1
90
3
2
51
1
4
201
1
1
3
6
8
1
29
1
2
6
1
60
2
36
4
67
1280
374
5
2
6
368
1073
1
1
5
1
7
2
9
4
11
1966
6
2
4
1
52
38
4
1
490
1
1
57
1
7
1
35
78
1
5
1
4
1
1
152
1
3
1
127
2
1
1
1
219
2
1
1
3
1
1
2
1
13
3
1
1
50
1
1
21
1
4
2
575
4
1
2
8
30
14
1
5
2
1
388
1
1
4
440
1
60
2
691
3
12
1
8
1
1
11837
1
2
3
3
151
1
3
1
1
1
1
3
2
1
1
228
1
1
1
1
1
72
1
1
89
1
6
2
1
43
16
1
154
1
1
2
1
3
1
2
14
1
1
1
477
1
18
1
127
1
2
5
111
3
426
1
1
1
1
1
1
4
75
1
4
1
29
1
15
4
331
1
9
15
2
2
1
7
6
1
88
5
5
7
2
2
1
182
1
1
1
1
1
12
147
1
21
1
1
1
1
4
3
1
1
1
7
153
2
1
19
1
1
1
4
1
4
1
6
1
105
2
1
9
4
1
1
1
3
1
2
1
1
1
4
45
6
1
38
1
1
1
1
1
2
2
1
5
7
4
1
291
1
7
7
1
9
2
1
7
1
1
2
2
1
1
2
1
119
1
6
1726
1
7
7
1
1
1
14
1
9
1
2
2
1
3
1
1
2
761
1
1
1
10
1
11
3
4
2
1
15
1
6
8
1
2
11
4
1653
944
2
1
1
13
9
26
1
1
1
1
1
1
1
2
1
1
2
1
390
3
1
1
3
1
1
1
1
124
2
1
2
34
1
1
7
9
1
16
36
1
1
1
12
3
18
1
1
1
17
2480
32
8
2
636
1
1
1
3
2
1
3
3
26
3
1
2
1400
6
1
1
1
16
101
3
1
257
1
2
246
1
6
1
1
1
1
1
17
1
2
1
105
1
1447
2
1
1
10
1
1
30
21
1
1
1
1
1
6
1
1
7
1
1
123
1279
6844
2
1
641
2
23
2
32
17
2
16
1
1
10
46
8
1
1
1
9
1
1
1
1
2
29
1
2
1
10
2247
1
3100
2
1
417
1
1
1
1
1
3
1
7
1
1
288
1
4254
1
1
1
6
1
2
1
2579
2
69
73
27
1
1237
245
10
4
6
3
190
3
1
1
2
2
1398
1
1
1
1
5
1
1
1
240
347
1
5
2
1
1
60
1
1
1
482
21
1
2
6
1
4
1
1
3
26
6
2
1
13
1
2
1
2
15
1
24
736
1
10
1
54
2
5
1
2
1
4
1168
32
1
162
99
2
7
1
9
1
7
4
48
1
94
7
62
1
4
50
1
1
1
1
682
1
7
1
1
4
8
127
1
1
1
28
1
1
10
17
192
45
1
1
5
2
1
2
1
64
1
1802
1
53
2
728
19
21
1
301
3
10
1
21
21
9
1
1
22
1
9
1
1
22
1
1
53
2
1107
3
1
21
3
23
646
2
279
1
1
1
1
6
1
1
1
1955
1
1
1
183
1528
18
2
31
786
1
6
14
2
61
8
2
1
1
1
402
1
4
14
16
1
1
1
1
85
1
2
230
1
1
1
5859
8
1
1
2
3
15
1
3
45
1
15
1
1
1
1
10
1
142
49
1
1465
56
26
10
2
3
1
4
1
1
1
1
27
9
6
3
3
1
16
1
1
3
188
10
70
4
359
114
2
1
21
2
3
1
1
62
193
2
14
3
1
162
103
14
1
3
2
1
8
7
1
7
6
1
16
1
1
42
2
45
1
86
37
1
1
14
1
1
6
2
5
1
14
1
56
1
8
1
1
1
1
13
1
83
12
1
1
42
1
1
3
1
7
7
7
1
1
6
34
1
1
169
1
1
730
1
3
13
41
1
1
1
53
1
2
1
12
1
9
1
1
1
35
1
1
1
29
2
4
1
1
8
1
2
12
349
37
1
10
2
11
1
1
1
44
5
1
7
4
1
1
3
79
1
1
1
1
4
1
9
1
1
1
2
1
20
2
1
1
3
1
5
3
1
1
1
119
2
1
24
17
1
2
1
46
8
283
1
55
1
4
17
2
3
10
3
1
2560
7
9
1
3
3
1
1
1
30
12
2
1
1
104
1
1
6
1
9
1
7
4
31
1
1
1
1
2
1
1
1
128
1
3
1134
270
1
1
1
12
1
1
16
25
1
1
161
24
3
2
24
7
4
2
1
275
1
5
1
3
65
4
5
12
1
4
7
37
2
1
8
280
1
5
1
1
1
10
15
1
51
1
8
1
2
7
1
1
2
1
1
1
470
1
2
19
2
42
1
1
1
2
14
1
3
1
1
1
1
177
42
6
881
12
2
255
1
1
8
1
1
5
1
1
3
1
1
4
2
27
22
1
1
1
1
4
1
4
28
3
4
8
1
2010
3
1
2
564
1
52
754
1
17
1113
1
154
7
132
2
1
4
1
1
1
27
1
1
52
1
1
1
35
1
5
349
16
3
11
3
1
700
9
9
1
8
4
3
5
18
2
890
1
1
2
4
4
4
1
5
3
1
1
1
9
2
7
15
26
14
1
17
1
1
90
1
1
1
36
1
1
3
8
1
1
1
2
3
1
12
1
3
7369
1
1
1
1
1
1
1
1
1
55
32
63
1
11
2
1
1
26
1
13
2
1
1
3
1724
5
1034
85
10
32
1
2
1757
2
1
2
133
1
1
1
1
1
3
1
21
1
1
1
40
1
1
71
1
2
3
116
1
1
6
1
471
2
101
2
14
1
1
1
1
309
4
7
7
90
9
3
1
190
1
74
1
1
2
1
195
1
196
44
1
1
6
1
60
5
4
2
2
32
1
81
75
76
2
8
128
1
2
7
17
58
5
1
2
1
3
1
1
291
1
1
1
10
184
1
9
37
17
42
5
15
1
2
89
2
1
1
117
1
1
1
1
17
4704
4
7
1
13
1
2
10
1
1
6
559
1
1
1
1
1
1
6
23
1
2
1027
23
1
1
36
1
1
2
1
3
1
53
1
5
47
1
2
1
5
1
2
1
1
5
1
23
2
95
40
1
8
1
12
1
2
7
1
1
2
3
1
3
2
2
1
57
1
1
1
1
1
1
1
2
432
1
1
1
599
1
1
1
4
1
1
1
1
1
1
1
55
2
1
1
2
29
20
1
8
1
1
10
3
1
1
1
1
1
1
234
1
1
1
1
7
1
1
2601
3
272
707
203
1
4
22
2
1
4
20
1
10
1
1
6
1
5378
1
163
10
1
6
1
1
1
67
1
2
8
3
2
9
587
2
1
1
1
63
1
1
110
1
1
1
1
1
30
1
1
4
6
1
1
1
1
1
38
9
2
30
1
307
7
46
1
157
2
3
1
1
1
896
1
1
1182
1
1
1
1
1
3
2
8
4
129
1
1
1
1800
5
1
1
3
1
5602
1
1
3
14
1
1
53
1
1
1
1
758
1
4
1
25
1
8
1
1
1
1
1
24
1
1034
1
2
1
1
1
1
1
1
789
2
3
32
1
1
764
2
1
2
1
1
3645
1
7
2
1
1
4
1
1
349
3
1
1
283
17
1
3
1
3
22
1
1
1
4
1
1
1
164
1
23
1
19
3
1
1
1
4
1
5
2
943
1
530
1
1
17
7
1
1
1
1
1
1
9
620
1
2
1
531
3
70
1
3813
9
4
6
1
2
6
46
2
22
1
9702
1
10
16
55
84
102
2399
1
1
2
2
67
37
1
1
6
2
1
1
1
11
5
3
1
3
44
1
2
1
1
9
1
4
1
1
1
4137
10
1
289
74
1
1
1
187
1
2
5
85
1076
1
1
1
6
3
1
2
4
2
2
4
1
2
224
478
835
1
5
12
1
229
20
15
4
19
7
15
111
2
1
1
9
1
1
2
7
5
6
5
14
1
1
1
76
1
2
4
8
13
10
30
2
2
1
1
5
4
2
2
6
2
8
11
3
7
5
699
8
2
6
4
4
15
1
8
1
1
7
62
1
2
1
5
1
1
1
1
1
4
12
1
10
7
6
2
56
1
5
2
1
60
1
9
6300
8434
12
1540
195
180
1
40
6
8
2
1
4
677
55
1
1
9
69
73
1
4
1
34
354
1
575
1
453
11
20
2
16
2
2
1
54
183
1
24
1
2
6052
49
12
1
56
1
29
1
1
39
24
7
1
5
4
12
560
3
5
7
5
9
8
164
1
1
1
4
1
5062
3
15
1
2
1
34
1
2
397
61
3
1
1
1
1
1
2
3
4
257
34
15
7
1
4
6
882
30
166
7
14
3
5448
18
162
231
3
3
2
1
1
10
1
1
4
5
13
22
19
1
119
5
7010
366
18
1
1
2
1
1
6
136
495
159
87
3
3
56
1
1
2
1
1
100
6
3
7
83
17
1
26
1
8
1
2
3
19
3
1
1
1
1
80
1
1
47
2
3609
1
2
1
1
6
1
1
2
1
35
10
1
1
